0	23.838684
1	76.66023
2	65.054184
3	41.127758
4	42.06633
5	78.77115
6	82.80974
7	69.070946
8	51.07003
9	49.860237
10	42.519745
11	55.33888
12	51.12996
13	71.79776
14	78.05591
15	78.83299
16	79.04767
17	71.29897
18	54.55744
19	50.783703
20	72.85991
21	78.30021
22	51.600414
23	92.17293
24	77.65787
25	40.28476
26	90.04271
27	47.08888
28	96.55353
29	47.63773
30	73.36873
31	67.69658
32	63.093452
33	71.135345
34	59.42617
35	56.70019
36	53.933197
37	73.98563
38	73.96415
39	52.605797
40	54.831608
41	64.526695
42	41.166008
43	68.42323
44	85.8905
45	97.042984
46	73.219795
47	76.41324
48	61.02655
49	64.412315
50	50.531845
51	59.119316
52	41.982193
53	78.5117
54	51.788925
55	40.28642
56	54.51137
57	94.91324
58	58.576874
59	89.39729
60	88.09482
61	78.46246
62	54.388817
63	40.862476
64	87.08636
65	87.49697
66	46.79533
67	44.86938
68	53.226887
69	67.45351
70	41.14264
71	81.27761
72	98.43713
73	67.38277
74	84.20163
75	99.53468
76	57.52546
77	75.66593
78	70.07631
79	40.533287
80	95.09166
81	80.35692
82	46.295612
83	58.070976
84	75.773834
85	76.00338
86	47.523697
87	65.9275
88	60.700684
89	78.09205
90	46.290546
91	79.02507
92	64.515724
93	41.01447
94	74.32423
95	20.21487
96	55.038155
97	50.3835
98	30.822485
99	19.5974
100	21.779171
101	10.35032
102	39.69467
103	37.590168
104	28.012175
105	31.933657
106	29.49742
107	28.700436
108	42.853848
109	20.320417
110	46.631367
111	56.782143
112	40.908504
113	10.679941
114	9.337158
115	37.142914
116	24.427258
117	6.598714
118	55.89938
119	38.393925
120	28.235687
121	26.165543
122	39.784874
123	50.226055
124	35.1479
125	32.09199
126	36.123375
127	25.96879
128	18.071968
129	21.13242
130	39.828537
131	7.6617856
132	50.72142
133	1.1293275
134	10.135393
135	45.217037
136	9.828843
137	8.271095
138	37.038834
139	58.80147
140	3.0577612
141	32.185127
142	28.882412
143	35.05036
144	51.087616
145	20.578222
146	37.302933
147	4.2401247
148	30.379007
149	4.263752
150	8.434404
151	11.612916
152	32.459637
153	40.979816
154	1.454983
155	23.0337
156	17.589935
157	39.01896
158	3.6430652
159	32.805096
160	0.99037933
161	22.707834
162	26.370504
163	9.777018
164	21.07706
165	31.03254
166	11.147834
167	1.6680954
168	5.5987797
169	57.498344
170	19.10763
171	46.0464
172	3.605554
173	25.01252
174	14.39402
175	7.7267365
176	22.63294
177	41.833042
178	22.512577
179	34.987152
180	13.192034
181	15.652688
182	5.1086335
183	22.8262
184	26.96706
185	5.795429
186	10.342757
187	46.118763
188	28.401585
189	37.676704
190	11.583882
191	37.951595
192	24.209627
193	12.187403
194	7.1694374
195	35.756084
196	3.1868913
197	5.0044956
198	37.85682
199	35.128628
200	9.726457
201	33.353905
202	8.177636
203	44.723408
204	5.9187107
205	25.679583
206	33.459225
207	51.630074
208	44.62863
209	28.81472
210	10.138219
211	19.671993
212	15.595347
213	36.90529
214	13.354328
215	9.513059
216	23.15483
217	5.313611
218	11.603686
219	2.1809006
220	38.385307
221	1.88833
222	46.546013
223	56.30987
224	42.666622
225	59.673748
226	1.0684315
227	42.47478
228	20.01593
229	41.604538
230	44.765316
231	15.007465
232	7.046333
233	10.156286
234	26.9759
235	39.657394
236	53.60509
237	56.48599
238	47.201996
239	38.75259
240	8.815035
241	51.56176
242	34.53872
243	45.370853
244	25.480198
245	41.105118
246	19.701714
247	4.9198666
248	4.8881836
249	33.763103
250	14.13076
251	4.1636734
252	0.1278698
253	21.048546
254	1.1633594
255	38.78804
256	51.618828
257	53.802612
258	20.809454
259	60.18291
260	92.25661
261	60.231236
262	45.856174
263	78.25241
264	68.68254
265	85.11847
266	94.11815
267	71.68985
268	79.1265
269	48.44376
270	54.724724
271	53.477413
272	40.955833
273	40.6492
274	43.029083
275	47.640812
276	78.94879
277	96.346176
278	65.8757
279	86.45848
280	69.849594
281	44.730595
282	60.45734
283	73.66286
284	45.33711
285	66.502884
286	72.60332
287	56.881977
288	54.99733
289	62.64708
290	61.843548
291	83.93613
292	47.13112
293	67.01172
294	90.14603
295	48.25927
296	72.44824
297	68.095184
298	70.36497
299	58.28739
300	48.11952
301	69.248276
302	62.67553
303	84.01517
304	85.571915
305	93.81022
306	77.60827
307	46.16747
308	91.90257
309	84.09351
310	74.32395
311	96.888245
312	49.280453
313	43.02572
314	65.99889
315	74.93286
316	82.57292
317	40.52276
318	58.7432
319	55.60827
320	75.342224
321	81.37996
322	77.229614
323	55.80861
324	71.66014
325	52.401188
326	71.673035
327	78.04788
328	75.05916
329	41.928947
330	42.73799
331	50.9442
332	61.44684
333	54.226818
334	44.566315
335	54.74811
336	62.92944
337	85.73708
338	63.38717
339	68.33027
340	81.28215
341	69.93363
342	55.736217
343	90.21979
344	53.786324
345	53.50007
346	40.907238
347	82.4026
348	61.338432
349	68.35375
350	51.886414
351	85.07518
352	53.41297
353	71.145645
354	48.969856
355	69.54268
356	67.34801
357	90.79175
358	61.537148
359	57.029922
360	61.52665
361	53.047832
362	72.53069
363	55.74941
364	46.67988
365	75.97924
366	42.880814
367	50.514587
368	90.58035
369	65.24208
370	83.58136
371	86.59776
372	94.800446
373	45.50878
374	59.765526
375	65.193565
376	44.92302
377	50.48274
378	45.890896
379	43.867203
380	55.513504
381	48.944103
382	54.351128
383	49.212032
384	71.32072
385	44.773407
386	97.87578
387	47.25596
388	81.55504
389	85.39407
390	51.545578
391	80.21478
392	60.097878
393	49.651886
394	99.196365
395	77.66579
396	71.83056
397	72.57554
398	61.528374
399	43.313248
400	52.50442
401	40.690224
402	45.842667
403	43.517967
404	94.57411
405	76.556
406	42.326687
407	48.762547
408	96.41583
409	96.20293
410	96.81073
411	44.224346
412	57.352524
413	68.13484
414	54.917263
415	90.627945
416	65.90776
417	47.573498
418	97.5249
419	81.549065
420	73.71033
421	44.6152
422	84.469055
423	54.123466
424	83.258675
425	61.12513
426	47.462097
427	70.021355
428	74.35326
429	45.656822
430	68.85092
431	93.78209
432	46.238136
433	46.370197
434	74.06258
435	47.902428
436	67.97226
437	78.5164
438	41.886494
439	65.71491
440	61.179855
441	64.75103
442	65.9166
443	65.49032
444	47.89907
445	44.92009
446	83.36703
447	50.038376
448	95.88017
449	60.89856
450	86.52529
451	66.23847
452	76.71246
453	79.30523
454	63.668175
455	54.74878
456	94.203964
457	54.69384
458	57.80954
459	45.32264
460	60.529907
461	77.89851
462	70.87091
463	60.133114
464	68.1379
465	75.14748
466	72.147316
467	55.974907
468	77.27443
469	47.599136
470	44.738636
471	54.148727
472	66.43654
473	52.76763
474	91.979416
475	77.39328
476	66.25044
477	55.699318
478	51.222786
479	71.43948
480	73.61098
481	86.495285
482	94.9955
483	50.910847
484	47.977623
485	54.862118
486	54.715813
487	42.529922
488	62.281113
489	74.58672
490	90.6337
491	56.718327
492	42.79294
493	76.75327
494	67.84762
495	51.236443
496	64.758835
497	56.435585
498	34.912067
499	18.811253
500	51.043724
501	22.995226
502	40.02432
503	23.21626
504	4.4758697
505	55.720905
506	20.947779
507	38.801548
508	7.1444225
509	16.979208
510	36.791195
511	34.5728
512	19.997194
513	0.1880601
514	0.5095163
515	56.092518
516	7.4618754
517	50.31144
518	51.265812
519	19.755262
520	17.30548
521	47.555096
522	11.106517
523	36.22875
524	20.074207
525	3.6064417
526	43.139107
527	30.446777
528	27.018757
529	42.669827
530	6.6561384
531	12.540729
532	33.2387
533	19.37905
534	37.24956
535	32.637638
536	31.976944
537	4.993644
538	38.344837
539	17.240232
540	1.1743914
541	2.3893425
542	44.202106
543	55.93465
544	33.340157
545	20.434156
546	29.551071
547	13.519285
548	51.921486
549	22.501684
550	53.467625
551	29.6207
552	55.11153
553	18.658352
554	13.16662
555	55.460438
556	51.411972
557	36.471535
558	47.07668
559	25.658922
560	20.271421
561	21.420553
562	5.879282
563	11.810613
564	25.749447
565	4.552829
566	25.135735
567	14.036958
568	31.409906
569	48.708977
570	21.608812
571	7.895969
572	39.382584
573	46.68063
574	39.51902
575	7.37186
576	21.748865
577	49.609837
578	27.181347
579	47.158203
580	4.879863
581	10.261163
582	36.29808
583	32.1981
584	30.55576
585	2.573632
586	26.29817
587	27.111101
588	27.376564
589	20.850655
590	14.910267
591	1.3910317
592	39.292362
593	15.772359
594	39.77162
595	1.6664985
596	45.42776
597	26.864595
598	16.795267
599	10.806487
600	38.68218
601	39.982964
602	10.690818
603	26.338371
604	5.4871373
605	5.499231
606	41.70732
607	36.258133
608	22.069044
609	1.0677916
610	44.118797
611	11.476574
612	25.25526
613	4.90535
614	22.195204
615	17.68046
616	22.677517
617	21.864761
618	31.530558
619	23.547653
620	49.66825
621	21.55652
622	21.353811
623	7.0405087
624	58.21177
625	45.36914
626	6.8270197
627	56.911915
628	37.757935
629	10.345594
630	6.0584807
631	23.204292
632	14.947154
633	22.461742
634	18.336702
635	36.13569
636	4.9358544
637	20.905918
638	41.069366
639	48.622116
640	2.5738754
641	2.7161837
642	21.168829
643	1.2872208
644	28.862263
645	53.016277
646	5.6964016
647	35.194733
648	44.09072
649	29.133835
650	23.014719
651	3.2170992
652	11.283501
653	11.192394
654	39.942223
655	9.982817
656	44.15096
657	35.837963
658	51.760365
659	19.325153
660	22.717592
661	27.925293
662	46.33376
663	19.067373
664	30.213915
665	23.940792
666	42.069767
667	27.537968
668	49.711452
669	5.2175183
670	34.471138
671	42.379025
672	29.124458
673	22.48392
674	35.029285
675	59.560173
676	12.688071
677	8.541003
678	19.85571
679	28.997066
680	53.701546
681	59.41256
682	11.348854
683	35.9529
684	7.473971
685	12.554143
686	31.460592
687	39.32338
688	5.594913
689	10.178842
690	43.48974
691	25.195131
692	0.68794364
693	10.381173
694	31.377771
695	0.04816782
696	53.327354
697	22.275501
698	22.298433
699	34.32087
700	4.9272437
701	5.5255647
702	4.0585866
703	35.202763
704	11.571656
705	12.455227
706	38.171524
707	2.840165
708	48.510246
709	39.451366
710	16.467026
711	52.15849
712	22.13234
713	22.211853
714	32.782494
715	58.16496
716	20.1471
717	10.001097
718	58.05314
719	22.951574
720	25.990768
721	35.63806
722	20.633991
723	34.21418
724	53.60385
725	21.313179
726	10.506006
727	7.3332753
728	12.043387
729	13.72645
730	54.145706
731	20.628914
732	29.731226
733	1.8237923
734	11.894929
735	41.412365
736	56.7862
737	42.55598
738	6.8666506
739	33.413715
740	54.49371
741	36.720123
742	24.558197
743	37.044167
744	48.85162
745	5.716067
746	18.305803
747	29.688473
748	10.7913475
749	17.682076
750	18.286161
751	25.529661
752	7.992064
753	22.292452
754	0.94547474
755	0.5659614
756	59.086094
757	15.262589
758	16.915335
759	6.575551
760	34.498444
761	33.170525
762	20.492613
763	36.610092
764	59.14959
765	0.23700811
766	35.625042
767	7.804589
768	33.32189
769	24.192371
770	29.99955
771	35.877506
772	57.812943
773	7.4974375
774	10.262221
775	43.038567
776	23.306826
777	15.315614
778	6.0959873
779	18.300913
780	25.76352
781	45.062336
782	16.191935
783	25.432606
784	6.822604
785	51.869186
786	43.731873
787	20.410381
788	29.502094
789	53.6751
790	0.15105353
791	0.36514366
792	4.2468543
793	23.103476
794	16.89948
795	21.039177
796	17.563787
797	2.3111455
798	11.612095
799	5.900371
800	11.443047
801	32.572426
802	14.967778
803	13.629157
804	26.454885
805	59.849827
806	16.209253
807	6.332077
808	9.2434
809	56.05374
810	34.34331
811	40.450687
812	36.32587
813	17.956865
814	23.276512
815	35.72453
816	28.609379
817	37.47635
818	50.274853
819	57.492928
820	35.485672
821	34.258728
822	36.942883
823	24.80807
824	38.13806
825	30.979052
826	25.31871
827	29.496977
828	7.625625
829	14.781486
830	10.432007
831	2.7245717
832	53.076942
833	37.407753
834	33.18017
835	21.661753
836	45.330116
837	11.312205
838	25.224651
839	17.99178
840	28.16497
841	57.383865
842	47.347538
843	39.12764
844	0.7063961
845	11.62756
846	48.54932
847	24.769125
848	32.117912
849	10.050622
850	46.51937
851	5.2142267
852	14.073951
853	8.728032
854	17.657011
855	38.374737
856	22.560812
857	32.99687
858	2.1478221
859	44.40007
860	31.461775
861	38.322983
862	10.862709
863	8.064074
864	13.340908
865	2.2119048
866	12.110051
867	48.695553
868	51.750706
869	3.542774
870	51.87928
871	18.762444
872	59.829315
873	51.045773
874	12.47796
875	4.6921067
876	47.90853
877	45.1351
878	52.74833
879	57.37017
880	14.226786
881	57.63874
882	23.3322
883	11.299393
884	55.676556
885	15.854575
886	35.324963
887	17.45544
888	22.895298
889	56.789276
890	3.3155744
891	2.4184828
892	40.031887
893	45.081207
894	22.737904
895	10.036693
896	30.115904
897	7.877207
898	2.4689767
899	4.00853
900	4.7310786
901	31.358728
902	18.78675
903	19.459656
904	28.867786
905	59.809868
906	27.465904
907	10.958506
908	3.2065277
909	35.175804
910	22.282467
911	30.725471
912	11.4225235
913	39.67705
914	56.192795
915	7.438901
916	13.575291
917	50.18036
918	10.495683
919	17.364632
920	14.361215
921	35.35436
922	36.38358
923	52.203213
924	41.10009
925	0.2631284
926	24.520454
927	0.3591257
928	25.24359
929	53.90338
930	15.8594055
931	32.101242
932	36.8131
933	19.881123
934	11.861778
935	10.011971
936	20.369543
937	32.092937
938	1.1406775
939	49.36506
940	40.52929
941	16.51422
942	25.379036
943	39.531227
944	35.44253
945	57.803436
946	37.1226
947	35.28079
948	22.796333
949	15.947753
950	0.06860472
951	5.913477
952	20.808737
953	54.991524
954	8.818494
955	2.2747524
956	10.840594
957	18.330767
958	32.03574
959	39.47164
960	5.7560263
961	18.2699
962	54.7893
963	52.38608
964	7.194009
965	49.061848
966	3.7311256
967	17.57478
968	2.811509
969	25.796347
970	13.6854
971	32.310295
972	7.105068
973	1.8565466
974	10.3056555
975	22.208685
976	30.614883
977	28.623537
978	6.8323455
979	43.499344
980	38.24892
981	15.661746
982	39.15382
983	12.89265
984	21.798775
985	25.681871
986	59.646553
987	51.035255
988	55.786068
989	21.33927
990	28.714502
991	34.38748
992	37.416718
993	3.9730878
994	3.157528
995	56.246174
996	44.200455
997	43.5447
998	39.195732
999	4.618269
1000	9.9365635
1001	49.205048
1002	30.458761
1003	10.527651
1004	16.995892
1005	15.915256
1006	7.353883
1007	5.7224627
1008	24.402342
1009	9.097731
1010	57.47313
1011	24.865856
1012	28.701807
1013	2.5527496
1014	5.248124
1015	5.931487
1016	29.704065
1017	35.7544
1018	41.97138
1019	13.716474
1020	48.905926
1021	53.143696
1022	34.40877
1023	5.606902
1024	30.212027
1025	15.04356
1026	2.10727
1027	35.03832
1028	13.3346815
1029	30.790373
1030	54.6502
1031	39.737892
1032	29.791365
1033	29.60688
1034	0.041284747
1035	46.368866
1036	12.583141
1037	6.2022357
1038	55.859066
1039	36.454517
1040	36.6251
1041	40.64747
1042	17.615387
1043	31.140196
1044	4.198242
1045	39.409573
1046	50.093662
1047	18.128721
1048	19.715439
1049	53.19249
1050	32.966316
1051	52.19533
1052	56.47951
1053	6.126431
1054	31.017447
1055	4.755003
1056	11.916406
1057	8.3475275
1058	15.472586
1059	36.66649
1060	9.150542
1061	28.005428
1062	37.144253
1063	55.477734
1064	52.574707
1065	56.869442
1066	56.220474
1067	57.874325
1068	31.669287
1069	25.693289
1070	13.8815
1071	3.446538
1072	8.176212
1073	7.661947
1074	50.939922
1075	31.902742
1076	36.67783
1077	31.609608
1078	28.07287
1079	8.358057
1080	17.173183
1081	32.60792
1082	4.3840227
1083	1.20023
1084	4.910002
1085	6.8617945
1086	54.834686
1087	46.31405
1088	56.23513
1089	52.12936
1090	15.51868
1091	42.42598
1092	17.261244
1093	48.346653
1094	30.75518
1095	58.841305
1096	14.588683
1097	27.700768
1098	10.037388
1099	11.507041
1100	23.825268
1101	26.930462
1102	29.691008
1103	39.681446
1104	33.77574
1105	28.793228
1106	16.538158
1107	12.463747
1108	31.926476
1109	24.423166
1110	8.92863
1111	12.035197
1112	50.229965
1113	3.7139587
1114	11.966385
1115	2.5389078
1116	19.525509
1117	59.261066
1118	15.576457
1119	44.316196
1120	21.127605
1121	24.181427
1122	26.015913
1123	26.639397
1124	4.2397017
1125	7.800155
1126	42.08766
1127	42.835102
1128	15.240149
1129	5.543207
1130	24.837421
1131	2.8533137
1132	15.423939
1133	33.684002
1134	58.057198
1135	11.02325
1136	17.050554
1137	39.65307
1138	38.288868
1139	18.78977
1140	8.254973
1141	1.0111845
1142	2.3092537
1143	5.1892323
1144	37.75828
1145	50.86497
1146	35.536396
1147	39.489567
1148	15.16995
1149	33.869057
1150	2.7744598
1151	39.409878
1152	3.6296153
1153	36.390858
1154	20.925922
1155	48.40263
1156	9.158579
1157	11.690837
1158	13.710402
1159	4.8249025
1160	49.143116
1161	51.189426
1162	9.890465
1163	33.826992
1164	6.414943
1165	33.246555
1166	50.271595
1167	15.214232
1168	19.747002
1169	8.449913
1170	26.58073
1171	42.24512
1172	16.150675
1173	18.03632
1174	37.587414
1175	9.444905
1176	13.483656
1177	37.772804
1178	35.232445
1179	3.5741699
1180	6.7457943
1181	36.381054
1182	56.38578
1183	39.06859
1184	17.76213
1185	35.16628
1186	17.271719
1187	34.13594
1188	14.806768
1189	45.562675
1190	20.582674
1191	18.308676
1192	3.2910135
1193	17.584623
1194	33.863293
1195	9.715634
1196	4.0132966
1197	1.652645
1198	26.294588
1199	0.8135717
1200	19.338528
1201	34.217777
1202	30.535347
1203	1.9043512
1204	25.534834
1205	34.490936
1206	40.296757
1207	39.938774
1208	35.549274
1209	31.958366
1210	16.76418
1211	19.146872
1212	24.290672
1213	47.335125
1214	20.077614
1215	0.49224153
1216	9.242424
1217	0.9562617
1218	19.211292
1219	6.108368
1220	16.669598
1221	54.577988
1222	16.346798
1223	14.659851
1224	2.634115
1225	13.88316
1226	56.099842
1227	19.651688
1228	5.7134643
1229	18.611492
1230	30.263964
1231	27.509424
1232	7.454418
1233	17.574371
1234	29.974817
1235	9.766019
1236	36.38405
1237	17.405516
1238	8.858203
1239	51.28325
1240	5.702001
1241	21.985334
1242	32.146057
1243	29.091658
1244	9.42343
1245	2.4254928
1246	26.534641
1247	32.03445
1248	52.918293
1249	2.7777743
1250	17.733973
1251	27.001617
1252	5.2480164
1253	25.740997
1254	29.039925
1255	14.108036
1256	21.28163
1257	22.060701
1258	48.457474
1259	5.7373233
1260	28.477545
1261	37.46941
1262	12.229534
1263	38.695393
1264	34.827034
1265	3.218925
1266	28.123692
1267	35.714226
1268	5.982539
1269	20.86479
1270	18.158377
1271	33.519947
1272	25.412485
1273	19.889807
1274	4.8362484
1275	39.965393
1276	44.738453
1277	51.820267
1278	49.39215
1279	20.851748
1280	4.4553623
1281	36.926323
1282	59.71063
1283	49.400795
1284	33.876766
1285	26.933073
1286	15.356138
1287	33.616436
1288	34.520576
1289	9.669496
1290	51.346134
1291	12.952687
1292	7.9619102
1293	8.641419
1294	15.312854
1295	2.4503748
1296	34.18883
1297	20.834408
1298	22.624443
1299	23.000511
1300	7.603904
1301	27.182604
1302	26.719099
1303	18.865854
1304	9.880356
1305	35.954414
1306	19.65687
1307	40.265392
1308	25.630714
1309	35.07567
1310	6.2989535
1311	9.56669
1312	48.264214
1313	4.91339
1314	49.137566
1315	10.679229
1316	56.983578
1317	50.893135
1318	21.875193
1319	0.53831494
1320	18.476717
1321	25.07643
1322	28.067923
1323	22.617102
1324	57.6983
1325	37.951145
1326	42.12952
1327	25.338978
1328	57.32217
1329	9.062667
1330	36.94339
1331	16.28388
1332	26.015684
1333	48.844955
1334	28.536406
1335	40.99978
1336	44.83794
1337	38.822006
1338	25.082834
1339	23.651588
1340	42.852505
1341	9.705058
1342	34.595104
1343	21.16979
1344	29.285479
1345	0.7702943
1346	30.886324
1347	29.622208
1348	53.209187
1349	18.811384
1350	34.689045
1351	19.329762
1352	3.26247
1353	42.236656
1354	8.263428
1355	44.005627
1356	16.388575
1357	32.53375
1358	51.930573
1359	29.075603
1360	7.731453
1361	16.297726
1362	20.578276
1363	48.921387
1364	13.773142
1365	42.537098
1366	1.4033444
1367	14.034613
1368	5.324144
1369	54.687115
1370	19.078365
1371	25.227642
1372	17.337835
1373	33.586475
1374	27.386393
1375	23.832228
1376	23.296814
1377	19.259666
1378	54.326782
1379	5.5911202
1380	55.931767
1381	37.30055
1382	35.407097
1383	31.887466
1384	7.7679
1385	24.987572
1386	35.294247
1387	4.8752403
1388	32.996258
1389	4.143457
1390	0.5864901
1391	28.099787
1392	7.5035686
1393	38.62118
1394	28.924557
1395	33.572132
1396	11.448611
1397	2.7597582
1398	7.391919
1399	30.366598
1400	37.49508
1401	17.588205
1402	14.915418
1403	37.841045
1404	20.71735
1405	59.591324
1406	49.83141
1407	16.98342
1408	54.381603
1409	20.802319
1410	16.446981
1411	39.485535
1412	18.106327
1413	37.316887
1414	9.488925
1415	48.05873
1416	0.36996126
1417	17.673985
1418	27.414175
1419	17.918367
1420	20.243412
1421	37.765366
1422	48.406082
1423	48.123486
1424	9.658784
1425	5.1850624
1426	12.092
1427	33.54188
1428	2.6593206
1429	9.908047
1430	21.961792
1431	32.218212
1432	30.36078
1433	4.818259
1434	25.377789
1435	58.31446
1436	39.785416
1437	45.697197
1438	23.495527
1439	25.38682
1440	41.722706
1441	28.765465
1442	19.23119
1443	12.471579
1444	10.545933
1445	55.31412
1446	39.605007
1447	41.78187
1448	20.103163
1449	23.311207
1450	13.913439
1451	1.8806866
1452	11.350796
1453	52.74237
1454	9.252018
1455	49.44455
1456	36.496193
1457	50.1723
1458	34.86333
1459	9.219491
1460	7.380061
1461	13.204286
1462	21.661163
1463	12.73168
1464	32.916527
1465	12.62471
1466	12.237984
1467	46.144424
1468	6.11318
1469	32.147396
1470	8.858912
1471	9.294117
1472	12.463308
1473	30.250076
1474	30.96633
1475	16.235052
1476	31.102554
1477	29.466494
1478	13.201741
1479	14.513687
1480	59.826313
1481	16.147146
1482	20.668344
1483	3.061329
1484	4.9921513
1485	16.3095
1486	24.364573
1487	26.171677
1488	13.348909
1489	59.54597
1490	31.847858
1491	5.189755
1492	15.275491
1493	29.93077
1494	5.941692
1495	24.324068
1496	36.9788
1497	50.46429
1498	7.6780047
1499	12.403791
1500	2.8916833
1501	35.81637
1502	31.204239
1503	14.117998
1504	7.0095572
1505	2.2064557
1506	35.665794
1507	16.89283
1508	20.326822
1509	0.74076545
1510	22.80343
1511	17.384062
1512	58.830963
1513	56.819595
1514	12.894471
1515	8.446539
1516	27.408487
1517	40.863945
1518	30.432568
1519	38.152866
1520	33.76199
1521	1.3967524
1522	19.751648
1523	25.786291
1524	50.291393
1525	44.994465
1526	54.51588
1527	8.85836
1528	17.993801
1529	6.1715093
1530	1.4030956
1531	48.72757
1532	24.648003
1533	2.05514
1534	56.694878
1535	15.312969
1536	57.25804
1537	34.168083
1538	42.88188
1539	38.073982
1540	5.271152
1541	38.093113
1542	38.01629
1543	13.489824
1544	15.913056
1545	23.01217
1546	40.205345
1547	51.25708
1548	9.03086
1549	3.5865262
1550	11.748215
1551	50.405678
1552	1.5422871
1553	34.572063
1554	10.82399
1555	33.244316
1556	34.97922
1557	23.854933
1558	18.606258
1559	14.386202
1560	56.71523
1561	2.983895
1562	5.4888563
1563	6.0484633
1564	57.411476
1565	33.830715
1566	19.516212
1567	21.401793
1568	23.258461
1569	37.400024
1570	25.71472
1571	36.58954
1572	48.193085
1573	19.425043
1574	35.968422
1575	38.468727
1576	6.335099
1577	33.168674
1578	10.54413
1579	1.3484641
1580	42.95824
1581	43.643784
1582	38.745506
1583	50.740383
1584	32.56272
1585	1.0796419
1586	37.296673
1587	24.565447
1588	8.604851
1589	7.0659113
1590	20.874847
1591	15.481663
1592	37.77439
1593	39.15595
1594	29.518744
1595	8.638238
1596	5.603768
1597	36.587208
1598	9.522289
1599	36.824886
1600	19.462475
1601	28.435488
1602	24.425331
1603	26.228136
1604	57.915455
1605	54.800842
1606	52.807907
1607	5.134391
1608	19.084639
1609	6.2997255
1610	51.589085
1611	21.985792
1612	6.302167
1613	3.962312
1614	12.245157
1615	39.412876
1616	1.1242272
1617	33.749542
1618	30.221338
1619	17.804255
1620	5.5909204
1621	30.174196
1622	23.979223
1623	33.631233
1624	34.2078
1625	52.596664
1626	31.700027
1627	57.882633
1628	27.069511
1629	50.833107
1630	23.953463
1631	38.118217
1632	20.395462
1633	35.96769
1634	37.410843
1635	28.343565
1636	38.89252
1637	11.081254
1638	39.242725
1639	15.960976
1640	46.711563
1641	28.888063
1642	33.297554
1643	31.907629
1644	7.7049084
1645	25.065332
1646	7.5558624
1647	35.137966
1648	21.101526
1649	39.753582
1650	55.731876
1651	62.124226
1652	93.4823
1653	65.31953
1654	47.19906
1655	50.856438
1656	58.06089
1657	53.401863
1658	42.209568
1659	53.634632
1660	48.462814
1661	55.15618
1662	45.207527
1663	69.174934
1664	71.41885
1665	57.974487
1666	96.223564
1667	64.83589
1668	60.27366
1669	78.34819
1670	43.652443
1671	58.554417
1672	94.54837
1673	55.390697
1674	81.733475
1675	77.6814
1676	51.944775
1677	67.530304
1678	52.562443
1679	61.270668
1680	41.01013
1681	48.18966
1682	75.134995
1683	80.376305
1684	87.96524
1685	85.733246
1686	58.621994
1687	59.25921
1688	93.91598
1689	55.150276
1690	72.28877
1691	94.084755
1692	93.2619
1693	76.24753
1694	61.436165
1695	51.216385
1696	54.337593
1697	60.77417
1698	78.035034
1699	40.02701
1700	43.4585
1701	75.900246
1702	79.72638
1703	80.15013
1704	58.543186
1705	76.47084
1706	75.85881
1707	68.09252
1708	63.483902
1709	43.457794
1710	44.23509
1711	93.13034
1712	59.437305
1713	51.030685
1714	67.24
1715	57.410614
1716	54.20721
1717	69.66922
1718	41.02101
1719	60.179848
1720	55.891277
1721	77.73863
1722	56.393913
1723	99.54706
1724	93.814735
1725	58.64726
1726	78.068146
1727	76.387634
1728	78.82909
1729	79.9379
1730	87.28328
1731	77.306915
1732	60.970207
1733	52.707413
1734	64.74708
1735	58.67308
1736	52.01505
1737	62.37745
1738	84.73633
1739	70.69336
1740	58.63419
1741	84.3042
1742	95.51254
1743	62.914864
1744	73.70417
1745	43.049454
1746	63.372528
1747	65.01106
1748	52.837734
1749	46.50064
1750	75.63144
1751	71.69627
1752	57.061386
1753	67.64644
1754	85.70366
1755	43.106518
1756	44.262825
1757	74.24211
1758	57.747643
1759	68.255
1760	69.18151
1761	42.45558
1762	53.003654
1763	58.05301
1764	69.49185
1765	47.729042
1766	91.6495
1767	49.345222
1768	67.96455
1769	91.502464
1770	64.86195
1771	64.863235
1772	91.91528
1773	76.696594
1774	71.37411
1775	59.646393
1776	60.07524
1777	79.009995
1778	92.3639
1779	79.97204
1780	76.920006
1781	54.22925
1782	53.73166
1783	73.31239
1784	75.396866
1785	45.267097
1786	68.70324
1787	71.49384
1788	60.916775
1789	85.87628
1790	41.279297
1791	65.692
1792	79.86812
1793	69.5218
1794	83.57127
1795	78.24802
1796	67.707855
1797	61.004753
1798	75.78151
1799	45.264786
1800	48.787514
1801	40.945232
1802	71.6607
1803	62.10544
1804	60.01808
1805	45.06463
1806	57.170258
1807	81.08017
1808	76.35954
1809	67.06798
1810	76.83645
1811	51.287045
1812	58.593628
1813	55.988964
1814	71.489334
1815	72.81175
1816	68.71869
1817	60.844
1818	70.12374
1819	64.65456
1820	73.19817
1821	78.395386
1822	88.49013
1823	58.120697
1824	54.329353
1825	49.875282
1826	43.4024
1827	55.890476
1828	50.67239
1829	45.38603
1830	88.48743
1831	70.01151
1832	50.444458
1833	86.87102
1834	40.67302
1835	44.359943
1836	99.67587
1837	47.702995
1838	51.711407
1839	52.11754
1840	51.92504
1841	51.93667
1842	42.54721
1843	80.19884
1844	95.74942
1845	49.18216
1846	95.864456
1847	45.645668
1848	61.612038
1849	85.78291
1850	41.977383
1851	82.452835
1852	51.344143
1853	47.113205
1854	72.035904
1855	80.99869
1856	55.70556
1857	40.495094
1858	92.982666
1859	65.318985
1860	44.42852
1861	40.205456
1862	43.30588
1863	58.265785
1864	67.32128
1865	57.391117
1866	86.697266
1867	79.79544
1868	78.89833
1869	86.02345
1870	72.59433
1871	50.76635
1872	51.222073
1873	54.957607
1874	48.32218
1875	90.124756
1876	73.01987
1877	46.85196
1878	70.4138
1879	96.14431
1880	69.43938
1881	84.774086
1882	67.39101
1883	42.15417
1884	98.65548
1885	78.3492
1886	43.85186
1887	96.61789
1888	97.44826
1889	68.34347
1890	80.863846
1891	49.479866
1892	41.959114
1893	65.16179
1894	81.65389
1895	53.117447
1896	50.55545
1897	47.558224
1898	57.0655
1899	65.62964
1900	68.35071
1901	48.293076
1902	66.87161
1903	46.668026
1904	70.34532
1905	89.09857
1906	61.5058
1907	67.72907
1908	66.3063
1909	53.73261
1910	57.207664
1911	64.69574
1912	99.09912
1913	74.23349
1914	41.53295
1915	50.911434
1916	82.064896
1917	85.99929
1918	45.186016
1919	76.13954
1920	94.2283
1921	48.205715
1922	64.50515
1923	79.191666
1924	71.20165
1925	73.91426
1926	45.158688
1927	57.628716
1928	83.69858
1929	59.346664
1930	52.019127
1931	44.714157
1932	73.436554
1933	64.74742
1934	63.887054
1935	58.541344
1936	57.600212
1937	84.25641
1938	76.73683
1939	53.25679
1940	78.03734
1941	91.12079
1942	56.54834
1943	61.061733
1944	79.97034
1945	92.4049
1946	67.91666
1947	60.78024
1948	85.18707
1949	75.07666
1950	42.233753
1951	42.63052
1952	60.982376
1953	89.85866
1954	85.0551
1955	47.698296
1956	74.87306
1957	94.98395
1958	69.28319
1959	78.22908
1960	48.27725
1961	88.42253
1962	82.06054
1963	90.02423
1964	79.71205
1965	88.30678
1966	70.075836
1967	74.52731
1968	94.02554
1969	93.544266
1970	87.90291
1971	76.62573
1972	59.209007
1973	56.986534
1974	77.047966
1975	61.070908
1976	61.951153
1977	45.414192
1978	76.214195
1979	50.108337
1980	66.75788
1981	85.462364
1982	57.778015
1983	44.31598
1984	53.252968
1985	77.02818
1986	83.627975
1987	47.80629
1988	76.75008
1989	62.139366
1990	89.64134
1991	49.24234
1992	91.03209
1993	49.382736
1994	57.037315
1995	41.209034
1996	48.852768
1997	79.65935
1998	51.895058
1999	68.645744
2000	65.831085
2001	63.6745
2002	55.85021
2003	56.471603
2004	75.31372
2005	71.74371
2006	73.020065
2007	82.85639
2008	91.05679
2009	58.9337
2010	92.12067
2011	80.98124
2012	57.471992
2013	69.107124
2014	88.35006
2015	86.76317
2016	64.71111
2017	71.151215
2018	65.56082
2019	41.537006
2020	74.93831
2021	59.187103
2022	46.76874
2023	93.991356
2024	60.336975
2025	93.55676
2026	66.04461
2027	50.655674
2028	98.39812
2029	84.38435
2030	59.8359
2031	89.2352
2032	78.74446
2033	71.61661
2034	53.101173
2035	51.78514
2036	60.417564
2037	53.20496
2038	89.814224
2039	99.34886
2040	55.747765
2041	48.495567
2042	69.640465
2043	82.48642
2044	68.74727
2045	51.393417
2046	49.0466
2047	75.93398
2048	57.632957
2049	47.846554
2050	53.155525
2051	41.195297
2052	40.28858
2053	94.700874
2054	86.03578
2055	86.6983
2056	71.86191
2057	60.20167
2058	66.21194
2059	65.80955
2060	56.918823
2061	94.81377
2062	62.317787
2063	73.878044
2064	83.576126
2065	86.03212
2066	88.81429
2067	70.48059
2068	52.035015
2069	75.85486
2070	46.694023
2071	78.04039
2072	74.93701
2073	64.590385
2074	99.0941
2075	72.9908
2076	71.96437
2077	49.67077
2078	76.739456
2079	89.70743
2080	62.03619
2081	73.14014
2082	42.792313
2083	58.599384
2084	75.96069
2085	73.20106
2086	47.273705
2087	51.54837
2088	99.80313
2089	69.43434
2090	93.32387
2091	73.05916
2092	66.30655
2093	78.63701
2094	97.96016
2095	68.3938
2096	85.49984
2097	95.60953
2098	46.887356
2099	40.56945
2100	65.069084
2101	76.80307
2102	71.74706
2103	64.87884
2104	59.507835
2105	73.395615
2106	40.295803
2107	58.99408
2108	77.95921
2109	42.284294
2110	57.71952
2111	63.393715
2112	43.200058
2113	98.35689
2114	60.767334
2115	66.00277
2116	54.87302
2117	59.655212
2118	83.35646
2119	53.293156
2120	51.378822
2121	77.60919
2122	77.28909
2123	70.721924
2124	72.72606
2125	41.98867
2126	42.63917
2127	85.43159
2128	68.66521
2129	61.73175
2130	71.42655
2131	94.56198
2132	73.82083
2133	98.22071
2134	68.25036
2135	89.09566
2136	65.99411
2137	73.42726
2138	76.553474
2139	88.15854
2140	68.80725
2141	92.014084
2142	68.77202
2143	61.67329
2144	54.322784
2145	68.78628
2146	91.34373
2147	48.99433
2148	90.77785
2149	56.93715
2150	93.28677
2151	45.938557
2152	70.520996
2153	52.6568
2154	94.86023
2155	46.00049
2156	59.551956
2157	50.737526
2158	88.48447
2159	87.357155
2160	47.75586
2161	51.470757
2162	84.42268
2163	45.282158
2164	55.391335
2165	54.23754
2166	64.35104
2167	41.895527
2168	43.54837
2169	77.875946
2170	68.83301
2171	40.976578
2172	68.39411
2173	72.300964
2174	83.04796
2175	60.36931
2176	77.75406
2177	81.68855
2178	50.22817
2179	56.136253
2180	73.08728
2181	66.76732
2182	40.902744
2183	78.280975
2184	52.854485
2185	67.38977
2186	85.370285
2187	91.71101
2188	57.200775
2189	71.55498
2190	81.82217
2191	41.113262
2192	78.87494
2193	45.544285
2194	73.22423
2195	58.863052
2196	44.396538
2197	79.513596
2198	82.4987
2199	49.839977
2200	57.75228
2201	70.14792
2202	89.56562
2203	76.0197
2204	44.222427
2205	42.41751
2206	71.082275
2207	61.640385
2208	63.39103
2209	60.109306
2210	99.896866
2211	86.240974
2212	52.940247
2213	78.33028
2214	77.53383
2215	67.39701
2216	64.17094
2217	85.362526
2218	65.698944
2219	73.7068
2220	75.56648
2221	61.917183
2222	61.101105
2223	68.57463
2224	63.54518
2225	75.15464
2226	50.68869
2227	53.711823
2228	55.947685
2229	72.9142
2230	43.170204
2231	85.62616
2232	64.809814
2233	51.73837
2234	98.23059
2235	72.37971
2236	41.973763
2237	77.55487
2238	46.399426
2239	49.01371
2240	78.99576
2241	60.724728
2242	64.9019
2243	84.266556
2244	77.81975
2245	75.76773
2246	85.49376
2247	74.71633
2248	77.31656
2249	69.33595
2250	46.427185
2251	45.32922
2252	67.482956
2253	61.104897
2254	53.02325
2255	66.162186
2256	53.955067
2257	88.65773
2258	44.78631
2259	80.0992
2260	67.74711
2261	87.181496
2262	55.58172
2263	43.06479
2264	65.593414
2265	50.80356
2266	70.12247
2267	61.421356
2268	60.609825
2269	68.28586
2270	53.746975
2271	87.97398
2272	58.934906
2273	95.7272
2274	56.372932
2275	70.881935
2276	44.57065
2277	44.32057
2278	44.924053
2279	46.023388
2280	79.21947
2281	78.27434
2282	98.042816
2283	72.78757
2284	43.95233
2285	72.94556
2286	40.901108
2287	40.857788
2288	77.31541
2289	71.779465
2290	54.729412
2291	96.12584
2292	65.413605
2293	61.50522
2294	52.903473
2295	47.64949
2296	42.459522
2297	40.254524
2298	46.871246
2299	50.228058
2300	91.40059
2301	45.11023
2302	59.476803
2303	60.462097
2304	66.857574
