0	9.144178
1	58.13978
2	31.80366
3	4.5756726
4	26.595947
5	52.72331
6	38.00846
7	1.176855
8	14.564995
9	4.3308954
10	3.5744388
11	50.626232
12	46.094208
13	23.952919
14	4.509274
15	16.906492
16	53.298344
17	29.23908
18	39.429394
19	4.9105377
20	48.2214
21	23.976793
22	11.778564
23	10.259612
24	30.247877
25	42.324028
26	41.170433
27	3.746725
28	9.091405
29	18.990654
30	16.363106
31	13.40825
32	16.720158
33	49.977615
34	5.725228
35	17.72853
36	18.804459
37	23.191273
38	25.42843
39	31.474138
40	26.530645
41	37.948338
42	0.98190135
43	44.154163
44	24.715536
45	1.8688458
46	2.1582854
47	40.70989
48	15.538502
49	7.1744456
50	30.122185
51	31.347267
52	11.939378
53	27.732086
54	33.491535
55	11.684448
56	50.70896
57	50.692623
58	19.842886
59	22.118267
60	3.9178717
61	26.678846
62	25.19665
63	43.52683
64	30.496367
65	2.3381107
66	11.881424
67	1.0090635
68	37.044083
69	46.584255
70	36.432972
71	20.665695
72	0.82962674
73	22.18373
74	52.456173
75	1.1113803
76	34.77871
77	30.364624
78	25.936197
79	16.489258
80	9.06154
81	33.432747
82	18.034313
83	20.071783
84	24.345594
85	18.523308
86	51.34542
87	36.19202
88	23.192556
89	26.809616
90	19.475885
91	14.68521
92	35.66869
93	12.407781
94	9.504928
95	10.81829
96	13.479217
97	56.467415
98	2.7993977
99	40.65169
100	10.23459
101	8.381998
102	6.030211
103	0.8613334
104	8.839914
105	3.2578175
106	0.33653766
107	8.392631
108	8.286834
109	19.37342
110	21.7638
111	46.498974
112	53.46913
113	0.40568858
114	40.771896
115	0.6453406
116	35.562756
117	36.021385
118	44.233498
119	50.329617
120	1.7395949
121	21.336159
122	30.14878
123	40.358627
124	53.205303
125	79.37102
126	96.036705
127	70.53276
128	78.66132
129	43.20789
130	71.15296
131	64.51691
132	63.16494
133	66.08098
134	95.86629
135	70.731804
136	98.2209
137	67.43108
138	55.072075
139	69.12514
140	63.60073
141	92.49373
142	85.72198
143	88.02313
144	43.797543
145	86.95739
146	54.391754
147	66.389755
148	86.42393
149	53.678596
150	92.004456
151	97.51059
152	77.066895
153	59.52882
154	77.76904
155	50.793297
156	52.23886
157	88.811775
158	76.856155
159	79.893234
160	54.71971
161	78.62506
162	80.64722
163	70.90765
164	0.81963027
165	29.450764
166	13.098844
167	5.9594746
168	39.812424
169	6.51111
170	20.995468
171	18.645967
172	14.973866
173	16.200731
174	5.457071
175	49.510063
176	29.16252
177	36.927578
178	32.071667
179	29.67449
180	44.71412
181	33.693966
182	40.832405
183	22.390781
184	18.709808
185	20.955694
186	17.20284
187	17.35029
188	17.325714
189	19.369633
190	29.32124
191	5.3694515
192	1.1596415
193	47.633446
194	17.822409
195	51.35825
196	11.103201
197	19.806425
198	20.605064
199	24.840618
200	30.808918
201	40.886887
202	13.270473
203	15.026843
204	0.46493986
205	5.071391
206	39.49148
207	17.070042
208	9.987696
209	55.274696
210	38.046555
211	21.203287
212	22.26673
213	13.392293
214	7.715123
215	20.345076
216	5.217426
217	7.781388
218	38.84159
219	58.42797
220	13.75354
221	21.960442
222	33.737328
223	46.306553
224	10.914235
225	36.202984
226	55.490063
227	7.981994
228	48.852512
229	49.077854
230	18.003948
231	7.344148
232	8.160663
233	42.480244
234	37.008442
235	46.30592
236	43.384113
237	21.353405
238	1.1588806
239	21.6493
240	21.763039
241	56.438107
242	16.423529
243	16.827456
244	15.172484
245	48.90365
246	52.447056
247	28.938673
248	20.58177
249	43.356976
250	50.90419
251	47.227367
252	34.24163
253	54.825752
254	9.094028
255	16.287622
256	23.37294
257	39.694183
258	16.96457
259	24.389965
260	38.264904
261	38.530506
262	30.209373
263	21.236704
264	20.44731
265	18.644606
266	17.813303
267	19.706064
268	50.256233
269	34.413513
270	35.090626
271	26.043533
272	1.1502435
273	53.285004
274	44.825768
275	22.239983
276	11.06159
277	30.23279
278	50.006924
279	12.600974
280	35.192207
281	9.755157
282	17.447954
283	17.365564
284	29.290548
285	51.07899
286	32.1041
287	14.579405
288	20.416298
289	7.57448
290	38.4247
291	30.338564
292	9.475876
293	47.419292
294	47.70965
295	11.088917
296	23.841879
297	32.363163
298	36.246014
299	22.41288
300	35.208565
301	11.225618
302	43.10286
303	23.414474
304	12.822503
305	18.944048
306	12.993649
307	5.225399
308	58.079826
309	36.344097
310	13.59545
311	25.598204
312	57.52867
313	38.512653
314	13.982037
315	4.4901123
316	14.9517565
317	46.08034
318	40.094048
319	28.05292
320	5.199548
321	49.98485
322	16.870213
323	6.590515
324	22.858675
325	17.44831
326	10.601592
327	48.6063
328	1.4390236
329	30.287388
330	15.687748
331	53.52797
332	58.287075
333	4.0721207
334	20.297264
335	14.104667
336	21.156487
337	0.5724034
338	35.89349
339	36.412407
340	14.296587
341	23.553537
342	20.113842
343	88.30101
344	63.301544
345	69.948586
346	76.53392
347	48.520294
348	93.05527
349	56.96296
350	49.15914
351	95.61798
352	75.57544
353	51.7975
354	49.495922
355	58.620354
356	51.26157
357	63.56057
358	71.16118
359	40.83964
360	93.89084
361	42.60494
362	93.255936
363	41.394966
364	41.006187
365	55.643883
366	59.582123
367	87.91305
368	68.23645
369	50.589073
370	69.984505
371	63.702435
372	90.21968
373	74.9285
374	99.40635
375	47.685696
376	46.911404
377	87.610695
378	79.47571
379	52.521736
380	64.33764
381	71.655174
382	93.83023
383	60.788864
384	75.96903
385	47.91306
386	50.606976
387	68.37338
388	12.68255
389	3.1298854
390	36.07344
391	2.251466
392	58.295494
393	15.359892
394	39.026947
395	17.877487
396	7.021806
397	57.10604
398	39.79862
399	34.922173
400	19.509047
401	57.8294
402	24.123661
403	2.9358153
404	24.602592
405	36.866085
406	1.6906576
407	59.46897
408	7.597003
409	15.309586
410	21.858202
411	12.264949
412	2.4726706
413	21.060598
414	24.828115
415	44.34555
416	5.479266
417	55.01632
418	5.490192
419	26.143518
420	30.41564
421	28.265434
422	39.204216
423	2.2920854
424	32.069244
425	50.174694
426	3.9607756
427	22.264221
428	33.516354
429	5.3975
430	31.663193
431	43.761078
432	5.3476562
433	4.1043696
434	32.698666
435	35.581158
436	20.37207
437	24.129799
438	2.5174813
439	2.6588936
440	5.964933
441	26.249474
442	36.614944
443	10.043179
444	47.610683
445	14.446359
446	51.1115
447	14.793574
448	24.887794
449	11.793727
450	30.052185
451	25.103846
452	19.211748
453	29.477692
454	37.597534
455	14.419578
456	3.4463797
457	22.132101
458	34.568462
459	7.2752686
460	40.839607
461	37.213165
462	39.13766
463	4.7815347
464	34.721367
465	4.6997433
466	6.876578
467	39.593266
468	14.0443
469	48.379307
470	59.539295
471	51.08723
472	7.058683
473	38.684956
474	16.424215
475	42.66417
476	25.496798
477	31.495033
478	12.036304
479	27.772732
480	15.629466
481	32.59186
482	51.587265
483	48.40365
484	27.178772
485	43.84051
486	21.219961
487	11.569351
488	11.50005
489	11.051566
490	7.103693
491	1.3174777
492	17.876308
493	6.791681
494	38.17996
495	47.184784
496	12.374819
497	0.911381
498	33.310825
499	32.490498
500	32.898575
501	26.340956
502	32.541325
503	54.07534
504	38.438965
505	31.15121
506	6.7810974
507	1.365836
508	57.527996
509	1.3166288
510	1.9423302
511	7.6367145
512	14.269023
513	30.459608
514	32.04258
515	29.086529
516	45.45834
517	10.224364
518	34.076023
519	45.431896
520	48.83108
521	52.556347
522	18.911345
523	25.961935
524	26.51344
525	32.246548
526	17.825623
527	51.91229
528	5.7905316
529	23.10007
530	9.28354
531	3.641504
532	31.815866
533	10.577765
534	41.048836
535	14.409924
536	29.940771
537	49.298195
538	2.807199
539	16.647907
540	25.589823
541	38.74782
542	53.543713
543	21.922646
544	2.6021514
545	51.867535
546	14.753083
547	38.383293
548	3.2492085
549	8.156619
550	55.837246
551	52.530586
552	3.4300008
553	56.033035
554	51.902283
555	72.49824
556	90.117935
557	56.777798
558	87.382095
559	81.53989
560	55.764366
561	61.09501
562	40.665283
563	53.08247
564	64.70125
565	79.921135
566	63.255867
567	46.721996
568	72.63543
569	79.08659
570	48.063442
571	57.744297
572	57.210327
573	75.15785
574	42.604786
575	79.67659
576	42.465683
577	79.82738
578	67.191444
579	41.723366
580	52.43203
581	58.045105
582	72.606026
583	43.601944
584	54.575237
585	72.15033
586	91.507744
587	98.56415
588	66.738174
589	42.774567
590	92.69171
591	53.415154
592	66.393326
593	47.340736
594	63.412342
595	55.219128
596	83.032394
597	68.86637
598	74.789154
599	60.116974
600	70.14627
601	47.559162
602	61.909447
603	81.75441
604	50.997528
605	73.49407
606	57.44922
607	56.681786
608	66.15739
609	77.112854
610	74.2031
611	43.40329
612	88.43281
613	81.964615
614	80.49151
615	87.29443
616	69.59312
617	66.96193
618	79.51334
619	51.217503
620	90.01172
621	87.416756
622	42.132217
623	78.23125
624	97.83681
625	59.106865
626	92.01868
627	56.553543
628	65.1866
629	62.284245
630	42.091377
631	80.70383
632	55.923935
633	42.07458
634	42.838345
635	78.187775
636	51.969604
637	51.892338
638	45.656822
639	60.614838
640	50.931427
641	50.011524
642	62.870953
643	3.8225398
644	0.16146928
645	23.769398
646	4.2353077
647	23.097826
648	16.536911
649	15.856875
650	3.854264
651	36.91546
652	16.609138
653	7.339838
654	0.90171146
655	38.69162
656	17.893871
657	24.590227
658	17.978683
659	44.882076
660	31.013897
661	0.028563892
662	5.7040243
663	19.213129
664	39.62792
665	39.035915
666	17.478844
667	19.72043
668	41.60826
669	5.88809
670	3.8993752
671	51.291412
672	26.362524
673	1.4701469
674	7.110999
675	19.641737
676	47.042824
677	3.0277686
678	39.54769
679	54.58377
680	19.532955
681	59.294487
682	4.8989954
683	30.709621
684	34.337547
685	37.007755
686	14.588956
687	20.35956
688	34.049393
689	10.600706
690	52.9549
691	2.264966
692	37.966618
693	10.450381
694	31.953691
695	36.138275
696	36.992077
697	16.891935
698	37.63532
699	12.473343
700	35.546486
701	25.370197
702	16.187511
703	0.9504649
704	4.5388017
705	35.259663
706	27.71439
707	53.942883
708	23.028978
709	13.37833
710	59.72528
711	32.21699
712	50.949253
713	23.643269
714	5.628085
715	4.9687696
716	10.601424
717	32.438282
718	43.35981
719	57.774963
720	7.005109
721	14.637136
722	46.58907
723	0.34518394
724	23.390911
725	30.992376
726	18.315773
727	23.060774
728	26.4243
729	18.973757
730	30.096176
731	8.743405
732	1.5414633
733	20.933348
734	31.865778
735	20.166859
736	19.965252
737	27.482718
738	45.920162
739	49.441036
740	39.806488
741	27.929466
742	42.32285
743	16.379171
744	20.897236
745	15.293293
746	1.9053527
747	13.98908
748	24.118767
749	8.892162
750	24.675362
751	52.63284
752	37.925465
753	0.22940487
754	32.9795
755	33.424324
756	0.54122126
757	22.25061
758	2.4139066
759	20.108156
760	30.308748
761	34.568485
762	39.068016
763	43.82985
764	40.17448
765	48.828026
766	32.29651
767	68.16191
768	77.47003
769	42.537537
770	72.89272
771	45.0652
772	87.96637
773	79.8377
774	55.37061
775	97.1113
776	68.097115
777	50.2053
778	69.34155
779	67.31964
780	68.51643
781	51.898804
782	50.95382
783	72.96805
784	95.43509
785	58.46109
786	75.34697
787	40.435043
788	55.413555
789	50.778996
790	79.948875
791	57.71916
792	42.21732
793	63.31585
794	72.452866
795	53.439613
796	71.39638
797	43.60296
798	47.107883
799	50.998264
800	94.03015
801	77.11876
802	61.959053
803	81.35658
804	72.51801
805	66.80011
806	78.80797
807	52.878742
808	86.593094
809	75.406075
810	68.80109
811	62.971466
812	74.43888
813	51.107662
814	67.49065
815	50.36233
816	49.273335
817	41.15607
818	67.831276
819	78.677826
820	71.37077
821	48.984013
822	56.89971
823	82.07085
824	59.04629
825	71.8598
826	46.02775
827	47.509117
828	40.472977
829	44.41389
830	60.133347
831	84.17461
832	80.03911
833	68.91656
834	90.27245
835	45.212486
836	66.998856
837	68.0556
838	56.297813
839	67.60725
840	81.53916
841	50.88835
842	74.35211
843	72.31784
844	68.31597
845	51.56361
846	43.11848
847	74.112976
848	49.92909
849	44.14493
850	95.374954
851	45.663265
852	63.632973
853	66.29634
854	57.838818
855	66.1201
856	45.94008
857	17.345272
858	28.999146
859	28.236261
860	7.3377285
861	4.702758
862	12.249789
863	27.587214
864	51.266247
865	14.742397
866	32.635773
867	36.170536
868	6.902683
869	46.727222
870	30.632195
871	0.4423382
872	5.862999
873	24.162874
874	31.123415
875	47.311146
876	39.329292
877	3.0727787
878	14.378056
879	34.033348
880	59.540417
881	19.377846
882	39.32742
883	50.64699
884	0.89915806
885	47.907684
886	21.882196
887	29.933174
888	39.138542
889	30.60182
890	27.579792
891	29.211582
892	19.545912
893	34.770676
894	23.56876
895	33.563057
896	16.516384
897	15.400802
898	25.16483
899	36.963543
900	2.1699798
901	0.48863268
902	19.15775
903	50.280354
904	20.297312
905	54.679043
906	17.08627
907	25.637714
908	23.461464
909	7.1494746
910	17.8102
911	17.202503
912	13.610621
913	7.298156
914	8.110005
915	33.56257
916	26.000757
917	24.468245
918	59.136013
919	32.701603
920	9.283757
921	33.107086
922	28.750366
923	34.907833
924	23.411537
925	7.487769
926	21.510303
927	8.912059
928	14.49405
929	36.60846
930	13.141852
931	23.447905
932	23.162973
933	32.119705
934	40.771103
935	1.6063706
936	19.655811
937	8.616748
938	38.79737
939	24.40577
940	3.972383
941	29.984173
942	19.189188
943	39.624817
944	22.057732
945	42.789307
946	28.89729
947	0.7302393
948	6.676243
949	23.5077
950	16.809633
951	30.925226
952	9.197343
953	18.462431
