0	34.974064
1	48.22257
2	44.130726
3	33.76535
4	26.281063
5	7.9428487
6	32.26833
7	16.505808
8	4.5292425
9	10.212656
10	19.612452
11	8.100531
12	11.71187
13	26.3176
14	29.63175
15	13.182637
16	32.5816
17	41.815594
18	6.5374146
19	17.438522
20	20.357006
21	5.059009
22	6.37627
23	12.574026
24	35.387764
25	53.967663
26	36.80683
27	28.341843
28	22.977291
29	32.413734
30	11.9007845
31	17.882982
32	59.880814
33	10.716549
34	54.654648
35	26.918423
36	0.54321617
37	48.74594
38	49.98116
39	26.186298
40	9.821259
41	6.980756
42	4.527449
43	2.7124546
44	34.965405
45	31.347399
46	17.090918
47	12.174736
48	52.877605
49	36.246582
50	3.4893086
51	38.50717
52	9.993362
53	34.849716
54	6.992288
55	49.282063
56	33.51048
57	52.407307
58	0.1264387
59	88.08632
60	67.17375
61	75.80589
62	83.61591
63	69.716156
64	64.683945
65	75.87805
66	64.59398
67	94.63385
68	40.293938
69	71.96893
70	76.84521
71	42.558056
72	84.45476
73	59.61861
74	51.784584
75	81.15315
76	86.76511
77	45.41681
78	46.09745
79	76.10034
80	42.790085
81	85.45227
82	43.44615
83	70.02818
84	49.618523
85	51.088528
86	76.494415
87	73.711716
88	69.47185
89	69.374664
90	65.178444
91	94.06474
92	75.0538
93	54.977207
94	75.22606
95	44.633698
96	61.082424
97	62.00537
98	75.24253
99	50.178394
100	66.738754
101	42.55892
102	51.794716
103	81.94411
104	53.94265
105	75.40988
106	66.16366
107	53.374207
108	79.66662
109	62.936302
110	43.798897
111	67.28204
112	86.92469
113	87.25855
114	57.99613
115	74.8952
116	78.62381
117	67.485344
118	62.933136
119	44.70497
120	71.14119
121	89.058945
122	67.93705
123	44.698196
124	50.29184
125	43.395985
126	44.719543
127	90.3209
128	67.98901
129	76.32896
130	47.959145
131	42.439793
132	49.000816
133	71.88767
134	46.601498
135	60.966198
136	53.824745
137	94.28125
138	50.539963
139	56.234818
140	68.48533
141	71.57382
142	60.93641
143	44.906647
144	68.725266
145	45.041622
146	45.712498
147	77.35596
148	64.23296
149	40.242474
150	66.25311
151	80.64935
152	73.533585
153	45.945625
154	77.29787
155	80.88496
156	52.594078
157	73.24866
158	86.59572
159	43.381218
160	40.684395
161	67.57359
162	56.063026
163	74.03762
164	67.215195
165	65.22502
166	50.442078
167	86.69496
168	52.456127
169	65.93335
170	90.65018
171	54.795547
172	43.844147
173	40.65698
174	68.59799
175	45.098476
176	69.37567
177	78.32747
178	55.65906
179	30.06544
180	25.783138
181	36.258507
182	7.180965
183	47.531048
184	40.36928
185	46.333675
186	37.061356
187	36.85629
188	12.347953
189	23.519386
190	0.6590835
191	4.279842
192	6.0553775
193	31.155268
194	23.290897
195	35.468643
196	17.896397
197	14.458042
198	16.384905
199	50.74375
200	3.3896604
201	24.148596
202	8.956136
203	18.41202
204	4.3993855
205	28.692286
206	2.5100038
207	10.194851
208	16.111248
209	7.4449167
210	21.21641
211	39.345207
212	7.278473
213	59.239567
214	24.699945
215	7.81623
216	34.321445
217	32.17294
218	25.03351
219	16.729275
220	33.956726
221	0.90997106
222	18.81128
223	44.63615
224	34.14755
225	25.649786
226	32.035378
227	52.559914
228	3.6102774
229	14.237428
230	20.550678
231	19.798603
232	45.111122
233	13.905697
234	53.76203
235	39.47631
236	22.787508
237	4.131514
238	34.368378
239	27.825897
240	18.728495
241	38.41213
242	18.401247
243	35.53462
244	16.956451
245	27.359972
246	23.136023
247	41.808666
248	42.150642
249	48.281082
250	20.347918
251	56.044888
252	50.602264
253	50.85395
254	32.79025
255	56.363102
256	4.396823
257	58.34062
258	58.167946
259	23.574215
260	37.761555
261	27.749743
262	57.802692
263	15.623899
264	9.956547
265	15.420239
266	21.994839
267	28.51777
268	46.986015
269	30.934679
270	20.685738
271	12.248483
272	37.471363
273	38.993267
274	43.859894
275	59.53294
276	26.502762
277	36.634274
278	31.58843
279	16.496792
280	53.263058
281	22.769234
282	10.223219
283	50.445454
284	16.62553
285	34.77572
286	4.350071
287	20.400162
288	48.764954
289	39.672836
290	35.811047
291	40.791
292	40.04352
293	13.634647
294	23.382858
295	27.501488
296	10.74296
297	1.0788851
298	53.143745
299	30.269825
300	10.653781
301	47.165745
302	6.121801
303	18.009865
304	56.144276
305	9.4204235
306	38.07944
307	20.444012
308	1.156515
309	13.184979
310	35.84205
311	15.021795
312	28.913994
313	28.062006
314	9.722977
315	52.9114
316	31.619345
317	31.452175
318	45.410847
319	0.065655254
320	11.765
321	7.731454
322	53.779823
323	9.748727
324	23.114735
325	29.205103
326	1.4893152
327	37.004715
328	12.196622
329	21.903973
330	31.752151
331	3.8003106
332	4.6001377
333	58.199036
334	35.957264
335	25.677933
336	38.240395
337	37.88842
338	58.199265
339	57.672817
340	0.07607195
341	42.18648
342	19.906174
343	35.689014
344	25.774782
345	29.345325
346	10.218897
347	5.832163
348	46.03907
349	3.6698701
350	23.768042
351	13.82084
352	3.921688
353	25.387556
354	16.577993
355	24.137672
356	41.1619
357	26.353046
358	41.520836
359	1.1441965
360	55.457855
361	36.89125
362	43.84619
363	21.866856
364	18.361872
365	37.89866
366	35.970703
367	28.106266
368	36.668568
369	11.854649
370	2.2951815
371	22.26086
372	2.7856874
373	48.294262
374	55.62674
375	37.458683
376	14.191049
377	16.704142
378	25.165167
379	16.019724
380	22.190235
381	43.066185
382	6.635947
383	42.034683
384	11.262062
385	31.689165
386	12.495659
387	40.003265
388	41.843105
389	19.960102
390	36.555145
391	39.934216
392	18.18822
393	3.9710014
394	53.27147
395	29.451189
396	47.479412
397	37.48438
398	26.543829
399	38.60569
400	33.21845
401	2.2346714
402	36.93788
403	17.779434
404	28.128485
405	35.51106
406	15.351514
407	18.566406
408	7.7105165
409	9.779408
410	11.270284
411	57.526974
412	35.72106
413	54.274776
414	11.164371
415	8.274808
416	27.944767
417	6.322835
418	7.8214025
419	44.737156
420	34.372585
421	33.131943
422	6.9651275
423	15.291915
424	48.794502
425	35.98236
426	55.571964
427	50.380478
428	39.635986
429	19.615927
430	36.868473
431	36.817886
432	24.306164
433	28.571415
434	29.148067
435	27.19304
436	1.1145972
437	10.279291
438	16.524792
439	10.536547
440	35.65089
441	24.528805
442	40.546345
443	28.565952
444	17.979944
445	37.773083
446	48.827248
447	53.057278
448	59.02319
449	21.187498
450	37.457726
451	8.95707
452	1.3990487
453	14.984377
454	10.159592
455	20.582867
456	23.892088
457	49.315678
458	46.79178
459	9.92542
460	16.82534
461	22.440126
462	10.707411
463	17.109446
464	40.565445
465	21.690014
466	3.9986007
467	17.30795
468	12.534729
469	26.073803
470	14.372269
471	15.768442
472	29.373898
473	15.776283
474	45.735825
475	54.235435
476	35.333366
477	50.490547
478	15.549721
479	38.57221
480	5.288443
481	0.8600095
482	4.0033174
483	47.82198
484	5.1214595
485	10.181572
486	21.83914
487	4.988817
488	20.890188
489	45.96737
490	29.339405
491	22.685974
492	15.261128
493	29.193756
494	7.737052
495	3.0553048
496	1.069965
497	0.8556483
498	0.29721394
499	28.289097
500	38.028404
501	42.522232
502	52.069065
503	56.71701
504	31.843304
505	38.293526
506	4.071605
507	16.053215
508	2.118135
509	31.187037
510	56.82917
511	44.813507
512	31.039633
513	38.32249
514	17.751816
515	6.3858023
516	25.535927
517	21.93331
518	21.240038
519	20.54746
520	28.623291
521	9.694429
522	59.286762
523	37.724255
524	9.916315
525	29.436447
526	9.577784
527	54.08478
528	41.386524
529	21.9111
530	24.642952
531	34.64134
532	33.377346
533	20.898226
534	53.63831
535	20.297798
536	39.8092
537	10.276364
538	6.327608
539	51.67958
540	28.5591
541	6.136306
542	9.945069
543	47.60034
544	53.175182
545	28.59875
546	53.859318
547	9.164495
548	35.387123
549	42.704414
550	7.4378443
551	28.571497
552	7.619758
553	2.9902248
554	57.00193
555	10.84287
556	8.709494
557	19.451221
558	26.51341
559	3.6785905
560	48.179413
561	28.974442
562	59.9505
563	34.87488
564	9.779943
565	5.356945
566	16.568048
567	9.93318
568	31.90771
569	14.338163
570	25.824314
571	22.12039
572	43.880726
573	39.992798
574	29.045845
575	38.558216
576	36.196907
577	5.718767
578	22.40393
579	28.970585
580	3.6559231
581	32.70898
582	3.920386
583	32.018982
584	9.931378
585	21.159058
586	3.4902344
587	42.05397
588	54.74025
589	48.989014
590	16.610832
591	37.094894
592	1.5847803
593	14.79115
594	30.003523
595	15.843625
596	19.889479
597	34.870373
598	15.733609
599	2.9022326
600	1.769073
601	37.2353
602	39.74669
603	20.839336
604	26.444195
605	17.534134
606	11.102659
607	43.111176
608	32.512836
609	57.499622
610	30.843767
611	1.1722618
612	12.775147
613	5.8162837
614	18.972548
615	3.3728063
616	36.74563
617	13.833918
618	7.1854587
619	24.802835
620	36.078323
621	59.04881
622	13.224855
623	41.175262
624	33.571785
625	5.6100874
626	30.931524
627	50.364216
628	32.125256
629	15.163652
630	11.197864
631	9.625631
632	30.166893
633	11.547957
634	55.605152
635	15.040241
636	53.728615
637	25.82361
638	10.507894
639	36.788517
640	16.042883
641	15.32325
642	21.344797
643	9.757254
644	29.05901
645	3.0108168
646	4.9653587
647	28.579626
648	29.532219
649	52.459354
650	49.44943
651	51.079063
652	29.4457
653	35.62918
654	17.326
655	51.760883
656	5.110243
657	48.119003
658	46.20741
659	9.043837
660	46.98325
661	22.68208
662	5.982064
663	54.79193
664	32.101192
665	8.430151
666	2.0844917
667	47.4599
668	9.627419
669	43.666973
670	10.631299
671	16.191114
672	11.638369
673	26.783203
674	10.015412
675	5.0010204
676	46.3176
677	29.548925
678	38.354076
679	14.699835
680	23.420227
681	21.467718
682	4.231612
683	15.240568
684	4.765271
685	28.258577
686	56.514805
687	6.4798455
688	57.095596
689	28.556246
690	33.60243
691	56.348274
692	96.44958
693	65.02453
694	53.27771
695	58.076393
696	71.5447
697	70.268745
698	65.27477
699	59.98757
700	45.39739
701	81.47635
702	40.146496
703	47.6617
704	50.569485
705	76.76904
706	51.332333
707	40.037292
708	71.10473
709	41.25248
710	47.370716
711	80.54225
