0	81.81731
1	81.61731
2	81.41731
3	81.217316
4	81.01732
5	80.81732
6	80.617325
7	80.41733
8	80.21733
9	80.017334
10	79.81734
11	79.61734
12	79.41734
13	79.21735
14	79.01735
15	78.81735
16	78.617355
17	78.41736
18	78.21736
19	78.017365
20	77.81737
21	77.61737
22	77.41737
23	77.21738
24	77.01738
25	76.81738
26	76.617386
27	76.41739
28	76.21739
29	76.017395
30	75.8174
31	75.6174
32	75.417404
33	75.21741
34	75.01741
35	74.81741
36	74.61742
37	74.41742
38	74.21742
39	74.017426
40	73.81743
41	73.61743
42	73.417435
43	73.21744
44	72.21744
45	71.21744
46	70.21744
47	69.21744
48	68.21744
49	67.21744
50	66.21744
51	65.21744
52	64.21744
53	63.21744
54	62.21744
55	61.21744
56	60.21744
57	59.21744
58	58.21744
59	57.21744
60	56.21744
61	55.21744
62	54.21744
63	53.21744
64	52.21744
65	51.21744
66	50.21744
67	49.21744
68	48.21744
69	47.21744
70	46.21744
71	45.21744
72	44.21744
73	43.21744
74	42.21744
75	41.21744
76	40.21744
77	39.21744
78	38.21744
79	37.21744
80	36.21744
81	35.21744
82	34.21744
83	33.21744
84	33.01744
85	32.81744
86	32.61744
87	32.41744
88	32.217438
89	32.017437
90	31.817436
91	31.617435
92	31.417435
93	31.217434
94	31.017433
95	30.817432
96	30.617432
97	30.41743
98	30.21743
99	30.01743
100	29.817429
101	29.617428
102	29.417427
103	29.217426
104	29.017426
105	28.817425
106	28.617424
107	28.417423
108	28.217422
109	28.017422
110	27.817421
111	27.61742
112	27.41742
113	27.217419
114	27.017418
115	26.817417
116	26.617416
117	26.417416
118	26.217415
119	26.017414
120	25.817413
121	25.617413
122	25.417412
123	25.217411
124	25.01741
125	24.81741
126	24.617409
127	24.417408
128	24.217407
129	24.017406
130	23.817406
131	23.617405
132	23.417404
133	23.217403
134	23.017403
135	22.817402
136	22.617401
137	22.4174
138	22.2174
139	22.017399
140	21.817398
141	21.617397
142	21.417397
143	21.217396
144	21.017395
145	20.817394
146	20.617393
147	20.417393
148	20.217392
149	20.017391
150	19.81739
151	19.61739
152	19.417389
153	19.217388
154	19.017387
155	18.817387
156	18.617386
157	18.417385
158	18.217384
159	18.017384
160	17.817383
161	17.617382
162	17.417381
163	17.21738
164	17.01738
165	16.817379
166	16.617378
167	16.417377
168	16.217377
169	16.017376
170	15.817376
171	15.617376
172	15.4173765
173	15.217377
174	14.217377
175	13.217377
176	12.217377
177	11.217377
178	10.217377
179	9.217377
180	9.817377
181	10.417377
182	11.017378
183	11.617378
184	12.217379
185	12.817379
186	13.417379
187	14.01738
188	14.61738
189	15.217381
190	15.81738
191	16.41738
192	17.017378
193	17.617376
194	18.217375
195	18.817373
196	19.417372
197	20.01737
198	20.617369
199	21.217367
200	21.817366
201	22.417364
202	23.017363
203	23.617361
204	24.41736
205	25.21736
206	26.017359
207	26.817358
208	27.617357
209	28.417356
210	29.217356
211	30.017355
212	30.817354
213	31.617353
214	32.417355
215	33.217354
216	34.017353
217	34.817352
218	35.61735
219	36.41735
220	37.21735
221	38.01735
222	38.81735
223	39.617348
224	40.417347
225	41.217346
226	42.017345
227	42.817345
228	43.617344
229	44.417343
230	45.217342
231	46.01734
232	46.81734
233	47.61734
234	48.41734
235	49.21734
236	50.017338
237	50.817337
238	51.617336
239	52.417336
240	53.217335
241	54.017334
242	54.817333
243	55.617332
244	56.41733
245	57.21733
246	58.01733
247	58.81733
248	59.61733
249	60.417328
250	61.217327
251	62.017326
252	62.817326
253	63.617325
254	64.41733
255	65.21733
256	66.017334
257	66.81734
258	67.61734
259	68.41734
260	69.21735
261	70.01735
262	70.81735
263	71.617355
264	72.41736
265	73.21736
266	74.017365
267	74.81737
268	75.61737
269	76.41737
270	77.21738
271	78.01738
272	78.81738
273	79.617386
274	80.41739
275	81.21739
276	82.017395
277	82.8174
278	83.6174
279	84.417404
280	85.21741
281	86.01741
282	86.81741
283	87.61742
284	88.41742
285	89.21742
286	90.017426
287	90.81743
288	91.61743
289	92.417435
290	93.21744
291	94.01744
292	94.817444
293	95.61745
294	96.41745
295	97.21745
296	98.017456
297	98.81746
298	99.61746
299	99.417465
300	99.21747
301	99.01747
302	98.817474
303	98.61748
304	98.41748
305	98.21748
306	98.01749
307	97.81749
308	97.61749
309	97.417496
310	97.2175
311	97.0175
312	96.817505
313	96.61751
314	96.41751
315	96.217514
316	96.01752
317	95.81752
318	95.61752
319	95.41753
320	95.21753
321	95.01753
322	94.817535
323	94.61754
324	94.41754
325	94.217545
326	94.01755
327	93.81755
328	93.61755
329	93.41756
330	93.21756
331	93.01756
332	92.817566
333	92.61757
334	92.41757
335	92.217575
336	92.01758
337	91.81758
338	91.617584
339	91.41759
340	91.21759
341	91.01759
342	90.8176
343	90.6176
344	90.4176
345	90.217606
346	90.01761
347	89.81761
348	89.617615
349	89.41762
350	89.21762
351	89.017624
352	88.81763
353	88.61763
354	88.41763
355	88.217636
356	88.01764
357	87.81764
358	87.617645
359	87.41765
360	87.21765
361	87.017654
362	86.81766
363	86.61766
364	86.41766
365	86.21767
366	86.01767
367	85.81767
368	85.617676
369	85.41768
370	85.21768
371	85.017685
372	84.81769
373	84.61769
374	84.417694
375	84.2177
376	84.0177
377	83.8177
378	83.61771
379	83.41771
380	83.21771
381	83.017715
382	82.81772
383	82.61772
384	82.417725
385	82.21773
386	82.01773
387	81.81773
388	80.81773
389	79.81773
390	78.81773
391	77.81773
392	76.81773
393	75.81773
394	74.81773
395	73.81773
396	72.81773
397	71.81773
398	70.81773
399	69.81773
400	68.81773
401	67.81773
402	66.81773
403	65.81773
404	64.81773
405	63.817738
406	62.817738
407	61.817738
408	60.817738
409	59.817738
410	58.817738
411	57.817738
412	56.817738
413	55.817738
414	54.817738
415	53.817738
416	52.817738
417	51.817738
418	50.817738
419	49.817738
420	48.817738
421	47.817738
422	46.817738
423	45.817738
424	44.817738
425	43.817738
426	42.817738
427	41.817738
428	40.817738
429	39.817738
430	38.817738
431	37.817738
432	36.817738
433	35.817738
434	34.817738
435	33.817738
436	32.817738
437	31.817738
438	30.817738
439	29.817738
440	28.817738
441	27.817738
442	26.817738
443	25.817738
444	24.817738
445	23.817738
446	22.817738
447	21.817738
448	20.817738
449	19.817738
450	18.817738
451	17.817738
452	16.817738
453	15.817737
454	14.817737
455	13.817737
456	12.817737
457	11.817737
458	10.817737
459	9.817737
460	10.417737
461	11.017737
462	11.617738
463	12.217738
464	12.817739
465	13.417739
466	14.017739
467	14.61774
468	15.21774
469	15.81774
470	16.41774
471	17.017738
472	17.617737
473	18.417736
474	19.217735
475	20.017735
476	20.817734
477	21.617733
478	22.417732
479	23.217731
480	24.01773
481	24.81773
482	25.61773
483	26.417728
484	27.217728
485	28.017727
486	28.817726
487	29.617725
488	30.417725
489	31.217724
490	32.017723
491	32.817722
492	33.61772
493	34.41772
494	35.21772
495	36.01772
496	36.81772
497	37.617718
498	38.417717
499	39.217716
500	40.017715
501	40.817715
502	41.617714
503	42.417713
504	43.217712
505	44.01771
506	44.81771
507	45.61771
508	46.41771
509	47.21771
510	48.017708
511	48.817707
512	49.617706
513	50.417706
514	51.217705
515	52.017704
516	52.817703
517	53.617702
518	54.4177
519	55.2177
520	56.0177
521	56.8177
522	57.6177
523	58.417698
524	59.217697
525	60.017696
526	60.817696
527	61.617695
528	62.417694
529	63.217693
530	64.01769
531	64.817696
532	65.6177
533	66.4177
534	67.217705
535	68.01771
536	68.81771
537	69.617714
538	70.41772
539	71.21772
540	72.01772
541	72.817726
542	73.61773
543	74.41773
544	75.217735
545	76.01774
546	76.81774
547	77.617744
548	78.41775
549	79.21775
550	80.01775
551	80.81776
552	81.61776
553	82.41776
554	83.217766
555	84.01777
556	84.81777
557	85.617775
558	86.41778
559	87.21778
560	88.017784
561	88.81779
562	89.61779
563	90.41779
564	91.2178
565	92.0178
566	92.8178
567	93.617805
568	94.41781
569	95.21781
570	96.017815
571	96.81782
572	97.61782
573	98.41782
574	99.21783
575	99.01783
576	98.81783
577	98.617836
578	98.41784
579	98.21784
580	98.017845
581	97.81785
582	97.61785
583	97.417854
584	97.21786
585	97.01786
586	96.81786
587	96.61787
588	96.41787
589	96.21787
590	96.017876
591	95.81788
592	95.61788
593	95.417885
594	95.21789
595	95.01789
596	94.817894
597	94.6179
598	94.4179
599	94.2179
600	94.01791
601	93.81791
602	93.61791
603	93.417915
604	93.21792
605	93.01792
606	92.817924
607	92.61793
608	92.41793
609	92.21793
610	92.01794
611	91.81794
612	91.61794
613	91.417946
614	91.21795
615	91.01795
616	90.817955
617	90.61796
618	90.41796
619	90.217964
620	90.01797
621	89.81797
622	89.61797
623	89.41798
624	89.21798
625	89.01798
626	88.817986
627	88.61799
628	88.41799
629	88.217995
630	88.018
631	87.818
632	87.618004
633	87.41801
634	87.21801
635	87.01801
636	86.818016
637	86.61802
638	86.41802
639	86.218025
640	86.01803
641	85.81803
642	84.81803
643	83.81803
644	82.81803
645	81.81803
646	80.81803
647	79.81803
648	78.81803
649	77.81803
650	76.81803
651	75.81803
652	74.81803
653	73.81803
654	72.81803
655	71.81803
656	70.81803
657	69.81803
658	68.81803
659	67.81803
660	66.81803
661	65.81803
662	64.81803
663	63.818035
664	62.818035
665	61.818035
666	60.818035
667	59.818035
668	58.818035
669	57.818035
670	56.818035
671	55.818035
672	54.818035
673	53.818035
674	52.818035
675	51.818035
676	50.818035
677	49.818035
678	48.818035
679	47.818035
680	46.818035
681	45.818035
682	44.818035
683	43.818035
684	42.818035
685	41.818035
686	40.818035
687	39.818035
688	38.818035
689	37.818035
690	36.818035
691	35.818035
692	34.818035
693	33.818035
694	32.818035
695	31.818035
696	30.818035
697	29.818035
698	28.818035
699	27.818035
700	26.818035
701	25.818035
702	24.818035
703	23.818035
704	22.818035
705	21.818035
706	20.818035
707	19.818035
708	18.818035
709	17.818035
710	16.818035
711	15.818034
712	14.818034
713	13.818034
714	12.818034
715	11.818034
716	10.818034
717	9.818034
718	10.418035
719	11.018035
720	11.618035
721	12.218036
722	12.818036
723	13.418036
724	14.018037
725	14.618037
726	15.218038
727	15.818038
728	16.418037
729	17.018036
730	17.618034
731	18.218033
732	19.018032
733	19.818031
734	20.61803
735	21.41803
736	22.218029
737	23.018028
738	23.818027
739	24.618027
740	25.418026
741	26.218025
742	27.018024
743	27.818024
744	28.618023
745	29.418022
746	30.218021
747	31.01802
748	31.81802
749	32.61802
750	33.41802
751	34.218018
752	35.018017
753	35.818016
754	36.618015
755	37.418015
756	38.218014
757	39.018013
758	39.818012
759	40.61801
760	41.41801
761	42.21801
762	43.01801
763	43.81801
764	44.618008
765	45.418007
766	46.218006
767	47.018005
768	47.818005
769	48.618004
770	49.418003
771	50.218002
772	51.018
773	51.818
774	52.618
775	53.418
776	54.218
777	55.017998
778	55.817997
779	56.617996
780	57.417995
781	58.217995
782	59.017994
783	59.817993
784	60.617992
785	61.41799
786	62.21799
787	63.01799
788	63.81799
789	64.61799
790	65.41799
791	66.217995
792	67.018
793	67.818
794	68.618004
795	69.41801
796	70.21801
797	71.01801
798	71.818016
799	72.61802
800	73.41802
801	74.218025
802	75.01803
803	75.81803
804	76.618034
805	77.41804
806	78.21804
807	79.01804
808	79.81805
809	80.61805
810	81.41805
811	82.218056
812	83.01806
813	83.81806
814	84.618065
815	85.41807
816	86.21807
817	87.018074
818	87.81808
819	88.61808
820	89.41808
821	90.21809
822	91.01809
823	91.81809
824	92.618095
825	93.4181
826	94.2181
827	95.018105
828	95.81811
829	96.61811
830	97.41811
831	98.21812
832	99.01812
833	98.81812
834	98.618126
835	98.41813
836	98.21813
837	98.018135
838	97.81814
839	97.61814
840	97.418144
841	97.21815
842	97.01815
843	96.81815
844	96.61816
845	96.41816
846	96.21816
847	96.018166
848	95.81817
849	95.61817
850	95.418175
851	95.21818
852	95.01818
853	94.818184
854	94.61819
855	94.41819
856	94.21819
857	94.018196
858	93.8182
859	93.6182
860	93.418205
861	93.21821
862	93.01821
863	92.818214
864	92.61822
865	92.41822
866	92.21822
867	92.01823
868	91.81823
869	91.61823
870	91.418236
871	91.21824
872	91.01824
873	90.818245
874	90.61825
875	90.41825
876	90.218254
877	90.01826
878	89.81826
879	89.61826
880	89.41827
881	89.21827
882	89.01827
883	88.818275
884	88.61828
885	88.41828
886	88.218285
887	88.01829
888	87.81829
889	87.61829
890	87.4183
891	87.2183
892	87.0183
893	86.818306
894	86.61831
895	86.41831
896	86.218315
897	86.01832
898	85.81832
899	85.618324
900	85.41833
901	85.21833
902	85.01833
903	84.81834
904	84.61834
905	84.41834
906	84.218346
907	84.01835
908	83.81835
909	83.618355
910	83.41836
911	83.21836
912	83.018364
913	82.81837
914	82.61837
915	82.41837
916	82.218376
917	82.01838
918	81.81838
919	81.618385
920	81.41839
921	81.21839
922	81.018394
923	80.8184
924	80.6184
925	80.4184
926	80.21841
927	80.01841
928	79.81841
929	79.618416
930	79.41842
931	79.21842
932	78.21842
933	77.21842
934	76.21842
935	75.21842
936	74.21842
937	73.21842
938	72.21842
939	71.21842
940	70.21842
941	69.21842
942	68.21842
943	67.21842
944	66.21842
945	65.21842
946	64.21842
947	63.218426
948	62.218426
949	61.218426
950	60.218426
951	59.218426
952	58.218426
