0	22.97326
1	19.989244
2	29.2902
3	22.188728
4	23.480078
5	23.218874
6	15.625567
7	18.876198
8	16.4394
9	27.968142
10	32.097126
11	17.848137
12	21.174011
13	19.259933
14	19.775894
15	26.705338
16	10.791573
17	22.927332
18	16.12378
19	13.821812
20	16.503506
21	11.700996
22	21.339329
23	17.09226
24	30.196407
25	17.194843
26	32.426697
27	44.280067
28	42.98807
29	43.243004
30	49.99126
31	57.38019
32	52.36415
33	67.9671
34	50.839764
35	56.351276
36	41.97096
37	38.752968
38	46.91204
39	41.639347
40	45.918564
41	41.289104
42	33.14337
43	39.483475
44	41.267204
45	45.433716
46	38.99922
47	30.380148
48	35.239468
49	30.830715
50	46.96647
51	30.650307
52	35.57322
53	39.256027
54	40.3714
55	40.17295
56	49.78383
57	55.333454
58	49.978886
59	48.57917
60	58.147175
61	49.757324
62	37.716557
63	43.034805
64	39.33266
65	32.879646
66	40.717575
67	30.208326
68	34.7826
69	30.94663
70	39.05712
71	28.271008
72	38.382584
73	33.976837
74	28.299389
75	30.151333
76	54.816208
77	57.74401
78	56.299095
79	59.046112
80	48.881874
81	56.24278
82	60.70923
83	55.681667
84	60.002953
85	59.366764
86	33.011875
87	33.199184
88	38.99063
89	30.44517
90	24.017952
91	24.581333
92	37.374966
93	18.860672
94	26.84823
95	34.31649
96	20.289448
97	24.48649
98	25.268667
99	23.188137
100	24.338001
101	28.479527
102	23.685722
103	20.967201
104	18.90987
105	15.432629
106	18.256184
107	23.033436
108	11.346811
109	26.964325
110	29.088858
111	31.728996
112	24.720078
113	28.22472
114	31.24767
115	31.381905
116	26.63997
117	15.869503
118	23.00347
119	25.394089
120	31.968464
121	18.308035
122	41.852802
123	41.941063
124	49.734634
125	41.04385
126	45.7978
127	55.53904
128	57.367558
129	69.79547
130	65.04608
131	68.17054
132	69.82399
133	67.74588
134	75.86888
135	71.92389
136	76.281906
137	64.93793
138	69.39314
139	70.05398
140	79.03531
141	55.207306
142	36.017498
143	36.512985
144	34.80466
145	30.12234
146	33.64749
147	27.653313
148	23.562342
149	29.323381
150	22.437489
151	33.960903
152	31.25163
153	22.879496
154	25.266994
155	22.179916
156	16.276218
157	24.810265
158	20.516174
159	16.343426
160	15.737513
161	13.213755
162	10.457533
163	14.564039
164	10.320565
165	15.040407
166	11.973069
167	19.611324
168	35.30476
169	23.103464
170	52.586716
171	55.101665
172	48.87167
173	55.64476
174	48.499626
175	58.721676
176	50.52557
177	62.390797
178	65.959755
179	65.745766
180	66.68007
181	70.282326
182	76.373344
183	46.806694
184	60.507877
185	55.028908
186	59.675747
187	62.448685
188	60.91588
189	56.44529
