0	30.000002
1	23.985617
2	25.460487
3	21.096476
4	22.782183
5	22.831617
6	19.009935
7	21.591448
8	31.93046
9	15.550122
10	21.789207
11	18.403671
12	28.369034
13	23.888948
14	21.845167
15	27.697311
16	28.275766
17	23.286964
18	13.068451
19	18.100288
20	14.229256
21	20.245644
22	21.860336
23	18.088049
24	24.674671
25	25.858702
26	27.05169
27	32.563107
28	31.746561
29	43.211975
30	46.613766
31	44.82761
32	45.6723
33	42.95278
34	57.470024
35	60.453224
36	51.641136
37	56.813965
38	52.150055
39	50.79732
40	53.65033
41	49.956818
42	61.05371
43	56.110634
44	62.20839
45	59.05217
46	68.793
47	60.502087
48	64.904144
49	58.979393
50	68.07837
51	70.18425
52	68.723114
53	69.90305
54	73.060585
55	65.11244
56	74.31089
57	72.11224
58	69.231
59	67.52139
60	68.406944
61	69.51515
62	70.33538
63	72.54207
64	71.19266
65	62.681328
66	69.90706
67	66.55976
68	77.867
69	67.72453
70	68.20746
71	63.241108
72	75.22563
73	77.18842
74	73.16514
75	74.95408
76	72.040855
77	81.56071
78	74.01604
79	79.60855
80	76.660614
81	75.66273
82	74.033875
83	72.964096
84	69.57414
85	66.22684
86	73.00951
87	57.998466
88	46.093452
89	57.312363
90	51.112656
91	56.070435
92	48.87741
93	40.515934
94	52.251083
95	41.28959
96	41.753845
97	42.5616
98	42.853832
99	41.645393
100	40.686836
101	41.68039
102	41.23329
103	42.767548
104	37.47051
105	46.597103
106	38.84275
107	37.788307
108	41.31275
109	33.07442
110	37.639908
111	33.98915
112	29.107384
113	28.02673
114	35.061638
115	24.941404
116	27.424784
117	36.37917
118	26.056961
119	29.92409
120	29.81834
121	27.215185
122	35.693577
123	30.336342
124	18.709469
125	31.669601
126	27.053457
127	30.706446
128	16.964317
129	24.50996
130	26.096977
131	24.552235
132	32.033115
133	30.323215
134	22.067472
135	16.641182
136	19.874475
137	28.420887
138	22.630548
139	16.433186
140	27.793152
141	28.982716
