0	48.63296
1	40.795506
2	32.38923
3	39.07155
4	8.356908
5	14.852882
6	59.904423
7	32.8907
8	8.395147
9	28.17286
10	25.81484
11	61.25082
12	2.7936668
13	51.447372
14	69.70041
15	47.155533
16	58.379055
17	22.686184
18	17.736877
19	53.44786
20	2.6044111
21	20.578117
22	17.748154
23	71.73179
24	42.18175
25	20.677544
26	36.734703
27	42.86901
28	20.028208
29	19.416622
30	23.485086
31	20.878048
32	42.052322
33	46.462475
34	33.608135
35	46.943344
36	46.44424
37	34.867535
38	42.38289
39	42.80727
40	25.498001
41	14.874644
42	36.032066
43	35.12396
44	28.516296
45	70.46634
46	44.748672
47	36.246365
48	18.355864
49	18.04863
50	65.404495
51	32.534996
52	50.183098
53	29.902445
54	30.780293
55	27.907207
56	51.018658
57	15.285626
58	78.46664
59	49.23165
60	35.865562
61	27.76553
62	58.808895
63	8.141915
64	24.51936
65	21.836472
66	53.230087
67	22.571861
68	19.178562
69	54.10999
70	31.905556
71	55.68245
72	22.894276
73	40.019432
74	15.09898
75	28.585262
76	19.7313
77	45.20752
78	9.363014
79	23.45875
80	43.36081
81	49.291332
82	43.382317
83	26.40058
84	52.39264
85	65.719734
86	27.852444
87	5.3832636
88	44.343987
89	32.707787
90	18.557438
91	28.930098
92	29.663946
93	37.445904
94	27.590908
95	40.4478
96	38.622444
97	53.83686
98	20.763824
99	12.020457
100	21.169975
101	53.305416
102	20.73862
103	59.62346
104	63.430767
105	32.373047
106	71.68764
107	12.929777
108	30.579866
109	35.94821
110	24.090664
111	42.914368
112	41.05023
113	37.82615
114	30.142437
115	21.32543
116	64.01807
117	30.690907
118	29.991
119	21.997402
120	62.08768
121	31.428091
122	10.700523
123	34.215416
124	22.974411
125	32.881935
126	27.418047
127	14.1281185
128	35.038868
129	60.518044
130	78.38844
131	45.569927
132	7.984741
133	37.36458
134	48.235306
135	48.303135
136	8.554254
137	20.027746
138	14.793949
139	21.790516
140	27.643833
141	30.163105
142	63.061478
143	26.008364
144	46.487446
145	28.339096
146	48.610783
147	32.145454
148	41.86312
149	22.841158
150	51.681667
151	12.257751
152	45.880478
153	43.910065
154	12.529863
155	46.02615
156	48.713753
157	63.917183
158	38.438053
159	19.867735
160	18.697824
161	46.940952
162	31.050604
163	47.87682
164	26.636517
165	23.451328
166	61.955658
167	16.140118
168	16.695549
169	6.6317554
170	58.171124
171	44.481785
172	31.21701
173	58.061897
174	24.476843
175	73.5435
176	33.91135
177	36.226166
178	65.223564
179	28.643557
180	69.97415
181	47.016674
182	11.129436
183	24.135334
184	35.235672
185	15.474261
186	37.918945
187	39.688385
188	47.55526
189	59.85639
190	6.2023726
191	25.100662
192	41.568504
193	32.529083
194	30.12465
195	7.717813
196	17.532778
197	70.04997
198	25.217834
199	15.222043
200	39.754486
201	19.607351
202	28.35623
203	72.98987
204	22.142275
205	60.886738
206	35.402687
207	46.008186
208	24.683857
209	25.677822
210	45.885384
211	34.997887
212	24.682901
213	55.48745
214	43.337013
215	44.581818
216	32.81315
217	45.691444
218	48.117313
219	10.5377445
220	20.829947
221	37.832504
222	13.671974
223	42.795662
224	38.330917
225	72.40301
226	27.008204
227	45.33097
228	23.619884
229	33.906742
230	27.56521
231	35.43872
232	28.619473
233	63.53916
234	41.52562
235	17.94674
236	33.00473
237	39.515594
238	23.96537
239	58.400646
240	31.470736
241	49.232697
242	55.268646
243	24.098999
244	21.710974
245	1.1071615
246	63.52366
247	17.534613
248	45.264126
249	29.471441
250	46.506744
251	38.53868
252	18.970953
253	17.122599
254	24.4035
255	25.226936
256	61.596977
257	29.642311
258	56.707893
259	45.957752
260	17.892378
261	63.947197
262	27.483578
263	40.081093
264	62.30966
265	37.619343
266	68.64816
267	26.450735
268	27.352982
269	54.927563
270	24.671099
271	38.18399
272	46.96792
273	31.450075
274	49.728706
275	30.592918
276	30.860466
277	25.270346
278	68.30764
279	33.58222
280	20.803886
281	35.655518
282	48.50656
283	42.622864
284	28.881578
285	30.019606
286	37.96738
287	20.134212
288	46.725243
289	47.2821
290	35.495712
291	43.67238
292	15.012743
293	23.048164
294	26.257206
295	28.266022
296	39.45767
297	26.736736
298	30.203606
299	17.297924
300	48.409492
301	37.987457
302	59.891808
303	36.33519
304	30.594257
305	42.188816
306	60.342438
307	22.638485
308	54.370037
309	66.3035
310	32.695656
311	54.76359
312	68.04284
313	40.69185
314	18.641365
315	48.354935
316	57.26145
317	65.199524
318	21.878448
319	73.363434
320	5.2918606
321	20.91365
322	60.653393
323	48.63261
324	74.63741
325	5.583996
326	17.183144
327	28.722061
328	27.433546
329	76.8883
330	36.426388
331	33.19719
332	44.426476
333	35.97434
334	33.110413
335	7.863201
336	29.570442
337	24.766666
338	10.8154335
339	54.375706
340	48.65783
341	58.37323
342	42.33647
343	12.987167
344	9.936102
345	39.402885
346	49.62522
347	28.630772
348	57.944996
349	34.760956
350	44.842834
351	34.8041
352	39.185894
353	18.753096
354	51.15982
355	22.324818
356	39.62948
357	34.24054
358	1.3399137
359	72.411674
360	50.150436
361	55.85373
362	56.302853
363	40.2092
364	14.516502
365	52.539856
366	76.55107
367	17.572203
368	48.52641
369	70.35349
370	44.187183
371	20.389462
372	13.585487
373	18.00821
374	43.226837
375	75.05193
376	19.05439
377	30.847395
378	14.339032
379	56.877686
380	18.36911
381	25.315868
382	13.715685
383	28.377872
384	40.12587
385	24.321241
386	40.06987
387	23.376984
388	11.5533085
389	40.612827
390	40.642338
391	52.687164
392	9.235007
393	21.663754
394	32.94823
395	31.518387
396	39.57571
397	41.679497
398	10.40807
399	36.905693
400	34.79239
401	64.01417
402	37.818855
403	37.26793
404	23.735378
405	21.35094
406	26.583094
407	11.301917
408	24.831532
409	22.145344
410	28.626005
411	48.403095
412	6.6298275
413	37.71141
414	75.21221
415	75.53224
416	50.166637
417	77.281
418	22.41106
419	23.413765
420	12.568728
421	38.290825
422	41.322395
423	19.142601
424	15.992815
425	33.290268
426	25.605192
427	40.203773
428	43.963936
429	9.742391
430	34.99274
431	26.396626
432	31.348475
433	15.5516
434	42.360428
435	60.916267
436	28.105959
437	20.40266
438	12.722105
439	56.483223
440	44.51128
441	27.56247
442	31.355358
443	60.8533
444	58.693314
445	33.78088
446	59.54283
447	36.279182
448	58.95763
449	51.345165
450	22.524672
451	31.220474
452	44.327057
453	56.68568
454	45.86444
455	10.345877
456	30.595242
457	10.390201
458	13.248512
459	19.00662
460	33.460316
461	53.667667
462	40.74529
463	55.99754
464	3.403297
465	38.369442
466	63.893005
467	10.852734
468	5.842311
469	78.32754
470	35.974407
471	44.551113
472	32.994984
473	35.98915
474	50.59416
475	14.142345
476	26.84305
477	51.55698
478	51.278526
479	11.984833
480	53.31685
481	15.362314
482	27.314262
483	40.805943
484	70.985435
485	63.595634
486	58.21552
487	35.57045
488	45.11635
489	37.00647
490	52.922127
491	33.4749
492	29.792185
493	58.92385
494	39.00413
495	19.692623
496	33.44968
497	38.94861
498	5.776095
499	59.46366
500	49.817024
501	30.377644
502	39.986935
503	7.8024254
504	18.006271
505	26.022789
506	13.070359
507	22.445595
508	6.312336
509	61.100853
510	26.901289
511	53.1461
512	34.209923
513	41.50206
514	42.052025
515	71.531784
516	9.686596
517	13.660939
518	33.782257
519	20.857836
520	47.39344
521	35.242416
522	54.54412
523	39.745083
524	26.494251
525	31.72253
526	22.18794
527	52.946327
528	39.19699
529	55.258774
530	41.8445
531	13.994844
532	53.403107
533	63.836376
534	39.05995
535	13.3004055
536	6.861575
537	7.8096075
538	36.121365
539	57.52369
540	67.32939
541	19.036469
542	42.10131
543	23.992188
544	28.531485
545	30.144512
546	9.584758
547	26.553295
548	56.103703
549	14.801702
550	49.002483
551	57.110863
552	42.10261
553	39.74381
554	47.049263
555	50.652523
556	27.459288
557	12.843712
558	44.655094
559	48.346615
560	43.243114
561	37.768497
562	54.19368
563	41.294987
564	17.523582
565	46.40623
566	46.1343
567	35.184776
568	43.65383
569	4.5143704
570	22.729908
571	44.432247
572	35.96024
573	27.59493
574	16.709843
575	35.945816
576	54.040016
577	10.470552
578	43.735115
579	49.350136
580	63.985085
581	38.71912
582	11.746684
583	36.69876
584	20.034262
585	48.033077
586	34.872036
587	38.327618
588	8.771292
589	70.38372
590	45.11002
591	32.17123
592	25.489473
593	40.497677
594	30.691275
595	26.019833
596	56.372128
597	40.074154
598	45.21913
599	17.616034
600	30.085426
601	32.015087
602	42.34352
603	24.32859
604	36.29407
605	41.61592
606	60.786144
607	27.386995
608	26.952772
609	5.795597
610	66.72831
611	34.96764
612	8.053042
613	61.043232
614	63.72129
615	62.13329
616	22.903141
617	65.53367
618	25.552593
619	43.08847
620	35.1675
621	51.690144
622	26.524897
623	72.42443
624	40.790398
625	60.84262
626	36.377903
627	16.988066
628	38.57051
629	18.126102
630	39.41543
631	28.07182
632	25.185436
633	21.150112
634	30.802061
635	47.570194
636	35.463024
637	74.816826
638	16.684563
639	10.4422035
640	58.75464
641	7.264576
642	25.271988
643	33.86664
644	65.36766
645	37.933548
646	45.641556
647	50.99344
648	39.284657
649	45.55184
650	60.58992
651	47.804153
652	38.31745
653	51.327324
654	45.176872
655	35.20724
656	20.022144
657	56.165127
658	18.847298
659	57.78272
660	44.60608
661	25.873316
662	30.608122
663	21.481663
664	47.799793
665	6.582303
666	56.98577
667	40.245033
668	37.416317
669	41.122684
670	66.730034
671	27.5275
672	41.65683
673	25.646986
674	39.428608
675	23.008106
676	56.24524
677	18.989098
678	38.925095
679	35.61332
680	23.115585
681	26.46445
682	24.777925
683	18.963198
684	58.17294
685	32.280876
686	26.81539
687	54.87172
688	22.0735
689	65.15141
690	40.978516
691	49.63305
692	70.96265
693	20.126213
694	22.123156
695	22.55967
696	31.55192
697	23.625366
698	20.484138
699	38.660755
700	71.59334
701	57.760372
702	51.6168
703	70.47303
704	15.790974
705	35.6157
706	44.11932
707	21.475605
708	46.233047
709	67.493675
710	74.93375
711	38.010986
712	36.1853
713	62.32058
714	55.336807
715	42.33396
716	2.84832
717	18.844307
718	44.0532
719	15.328402
720	28.545643
721	22.446815
722	45.277084
723	43.712303
724	40.905266
725	16.911413
726	14.762142
727	37.369164
728	39.26583
729	25.502724
730	26.845095
731	46.65308
732	22.496662
733	11.765514
734	29.244722
735	49.313034
736	45.061886
737	47.0791
738	11.099347
739	19.832094
740	18.05769
741	51.942257
742	35.28289
743	57.99294
744	23.87148
745	34.968136
746	38.90661
747	50.64777
748	56.409016
749	8.3815565
750	36.0831
751	18.819603
752	12.527711
753	18.99557
754	20.995214
755	31.43304
756	38.56357
757	29.391739
758	32.638523
759	14.1905365
760	40.250546
761	26.75297
762	28.509485
763	24.395643
764	35.734818
765	4.9816866
766	43.999805
767	49.81969
768	64.089775
769	60.094963
770	62.592552
771	16.830944
772	38.40374
773	27.930136
774	40.183353
775	35.954765
776	20.689117
777	32.2856
778	49.016678
779	31.0493
780	9.359228
781	35.61796
782	34.310562
783	18.761562
784	19.49767
785	34.791603
786	61.42724
787	36.963097
788	7.6300735
789	12.028782
790	34.291935
791	52.357998
792	50.58325
793	18.153282
794	44.840904
795	28.729471
796	10.993894
797	61.862328
798	20.117607
799	61.466473
800	23.33371
801	56.34511
802	18.71898
803	34.08926
804	27.28527
805	34.373936
806	39.08319
807	34.325058
808	42.697113
809	20.873116
810	37.374767
811	41.29931
812	24.363688
813	68.5152
814	41.533554
815	13.260748
816	13.983865
817	14.776959
818	59.48275
819	40.559048
820	69.20104
821	8.544781
822	1.1284766
823	34.491936
824	33.8815
825	23.350739
826	63.702103
827	67.74662
828	37.817764
829	12.388191
830	26.248684
831	21.856215
832	59.308167
833	64.021866
834	55.637333
835	12.486055
836	25.300312
837	22.387571
838	16.43367
839	14.609282
840	24.09361
841	41.573692
842	7.1128654
843	35.830547
844	52.10571
845	35.37065
846	27.60214
847	28.957603
848	40.29545
849	41.134693
850	52.029816
851	26.824104
852	69.15724
853	18.436977
854	46.69628
855	39.742294
856	28.601826
857	12.860093
858	24.554054
859	22.732897
860	21.908947
861	27.938341
862	46.722015
863	52.005142
864	8.544143
865	15.895975
866	48.05221
867	18.913847
868	68.0507
869	43.274548
870	14.559619
871	51.82756
872	41.88653
873	39.597786
874	51.09233
875	35.40322
876	48.825294
877	65.81682
878	15.080359
879	18.847527
880	66.14105
881	19.979082
882	15.002979
883	30.691015
884	30.283623
885	30.416883
886	59.389587
887	28.706814
888	31.164108
889	50.320633
890	45.96003
891	53.63758
892	56.120537
893	26.900633
894	10.994342
895	53.03512
896	37.105644
897	70.75845
898	52.823685
899	12.096935
900	67.33506
901	53.76082
902	22.484688
903	27.508438
904	37.503113
905	11.697638
906	46.52098
907	31.564735
908	27.164146
909	17.796057
910	12.754142
911	29.798122
912	78.6172
913	38.044586
914	25.184841
915	61.153564
916	53.01484
917	26.417782
918	29.511406
919	21.87563
920	40.67073
921	65.25008
922	49.853428
923	26.975815
924	58.361893
925	47.333954
926	26.495396
927	49.538025
928	34.63054
929	19.0834
930	43.73079
931	50.96337
932	10.843825
933	53.38334
934	7.18466
935	59.1347
936	51.790787
937	31.164633
938	18.395948
939	17.423992
940	39.497234
941	38.190132
942	20.11872
943	25.052916
944	26.455915
945	61.274353
946	43.946033
947	21.714348
948	17.829987
949	17.1887
950	20.027895
951	28.837444
952	68.47571
953	36.864216
954	56.96268
955	22.016758
956	3.7045648
957	61.923843
958	66.56889
959	25.324036
960	23.04367
961	23.69524
962	50.357574
963	17.535198
964	33.991432
965	6.772979
966	51.57877
967	23.540752
968	34.001842
969	60.511303
970	14.35739
971	20.572199
972	38.821938
973	13.527804
974	32.92729
975	15.890036
976	39.857296
977	8.699209
978	46.090042
979	5.836954
980	39.30935
981	68.91481
982	1.143375
983	58.880833
984	30.728508
985	50.719852
986	1.3238
987	26.067532
988	46.558544
989	43.49908
990	26.69905
991	55.404667
992	52.019794
993	13.257643
994	61.528347
995	45.6024
996	17.49501
997	32.909782
998	17.129692
999	18.211746
1000	49.944496
1001	27.22924
1002	22.910904
1003	47.004803
1004	41.676296
1005	53.74314
1006	17.931698
1007	66.42236
1008	20.48237
1009	32.413364
1010	47.500534
1011	76.35965
1012	63.54664
1013	17.321999
1014	7.8176928
1015	26.955956
1016	57.179455
1017	30.413296
1018	33.19948
1019	60.764946
1020	37.83129
1021	47.93062
1022	60.579754
1023	61.424065
1024	9.987478
1025	40.335613
1026	4.1526117
1027	37.406364
1028	66.507
1029	49.68361
1030	61.08215
1031	40.99128
1032	34.177162
1033	35.875046
1034	55.872704
1035	63.99044
1036	23.143707
1037	31.928963
1038	14.398634
1039	26.403923
1040	44.945114
1041	34.952343
1042	66.54424
1043	17.61484
1044	34.62259
1045	38.26432
1046	20.715733
1047	36.109863
1048	33.623493
1049	14.424034
1050	40.37431
1051	15.447626
1052	18.96216
1053	63.40981
1054	34.005177
1055	49.629932
1056	39.4331
1057	62.266037
1058	37.347534
1059	42.839005
1060	38.518314
1061	57.154312
1062	31.49795
1063	27.374039
1064	2.2369375
1065	17.959576
1066	67.804184
1067	41.022926
1068	33.42259
1069	15.939488
1070	46.925762
1071	15.286542
1072	17.81302
1073	9.855083
1074	14.090237
1075	67.07764
1076	49.945957
1077	30.042732
1078	39.488796
1079	61.54143
1080	23.368439
1081	22.20421
1082	32.594696
1083	31.217539
1084	44.779247
1085	42.90548
1086	20.602922
1087	40.389946
1088	22.20518
1089	25.439854
1090	21.925615
1091	45.195065
1092	42.798527
1093	72.29216
1094	56.68365
1095	42.4858
1096	49.0583
1097	47.488655
1098	40.32103
1099	1.6546164
1100	52.86362
1101	27.391136
1102	43.92974
1103	40.766808
1104	61.043587
1105	27.51706
1106	26.083672
1107	49.253838
1108	24.29404
1109	15.740771
1110	45.941124
1111	74.064896
1112	63.08733
1113	48.75464
1114	16.086317
1115	34.573223
1116	29.807339
1117	28.942127
1118	6.041395
1119	49.90371
1120	36.76375
1121	43.97623
1122	48.97844
1123	43.611416
1124	7.350209
1125	24.691574
1126	48.788887
1127	10.979206
1128	31.003807
1129	28.526932
1130	38.012424
1131	16.950388
1132	38.89249
1133	25.336582
1134	36.57897
1135	37.50594
1136	37.619053
1137	22.771847
1138	46.356133
1139	18.895596
1140	29.851332
1141	20.140461
1142	11.435734
1143	19.196617
1144	31.314812
1145	20.241796
1146	11.587051
1147	46.591927
1148	37.779144
1149	66.90043
1150	67.51169
1151	32.993988
1152	27.57542
1153	14.9970455
1154	21.929081
1155	18.732733
1156	76.922585
1157	26.8727
1158	31.521288
1159	31.40794
1160	20.86848
1161	31.04169
1162	34.572376
1163	23.649366
1164	34.180183
1165	56.782745
1166	61.66074
1167	24.30305
1168	18.412086
1169	20.83221
1170	40.196194
1171	48.981514
1172	46.053154
1173	21.926693
1174	33.896732
1175	21.314342
1176	22.137754
1177	42.105995
1178	67.88965
1179	23.59908
1180	50.038635
1181	9.206119
1182	39.641582
1183	12.114413
1184	23.209257
1185	43.13542
1186	21.32752
1187	22.49767
1188	40.6446
1189	78.46864
1190	42.68911
1191	30.118414
1192	36.94118
1193	43.98524
1194	66.84248
1195	18.664642
1196	17.469912
1197	34.669464
1198	35.574486
1199	11.743574
1200	38.73056
1201	45.129272
1202	46.111916
1203	71.45688
1204	20.967155
1205	8.280807
1206	43.231125
1207	30.039679
1208	40.779526
1209	35.455566
1210	42.38468
1211	62.069645
1212	19.109316
1213	24.574543
1214	50.20627
1215	53.558277
1216	22.973133
1217	45.80708
1218	63.71576
1219	28.885246
1220	11.151731
1221	50.65558
1222	8.257506
1223	34.934807
1224	29.629774
1225	20.680683
1226	36.665688
1227	33.941906
1228	21.91687
1229	36.10496
1230	18.361546
1231	22.453955
1232	42.4664
1233	42.30657
1234	57.048355
1235	13.462763
1236	8.2446375
1237	43.737774
1238	29.38071
1239	32.159443
1240	14.088602
1241	40.07677
1242	54.445908
1243	22.913673
1244	68.54973
1245	8.29643
1246	29.896059
1247	15.847507
1248	79.21927
1249	38.177162
1250	38.60483
1251	69.34802
1252	53.434986
1253	66.90587
1254	45.289738
1255	28.788607
1256	19.34774
1257	17.620058
1258	19.987705
1259	37.718422
1260	37.022186
1261	67.150314
1262	39.927143
1263	9.346079
1264	44.368683
1265	16.739058
1266	51.739006
1267	13.992947
1268	39.341103
1269	45.98103
1270	55.45756
1271	33.001427
1272	31.693426
1273	53.980705
1274	20.630066
1275	47.408813
1276	18.7521
1277	16.281097
1278	40.18547
1279	19.27727
1280	14.312299
1281	33.20072
1282	66.08804
1283	32.518425
1284	7.448865
1285	10.933159
1286	50.49152
1287	14.266848
1288	30.368896
1289	8.655401
1290	17.014526
1291	47.760845
1292	23.694504
1293	76.50968
1294	24.01233
1295	23.113062
1296	40.301056
1297	47.076027
1298	21.984953
1299	52.149406
1300	43.97393
1301	40.065804
1302	65.49332
1303	34.4165
1304	5.8136845
1305	15.227103
1306	24.331589
1307	49.158916
1308	29.081066
1309	47.35018
1310	41.91681
1311	2.6441169
1312	23.53397
1313	15.380937
1314	72.396484
1315	24.568882
1316	66.8469
1317	18.133413
1318	23.289562
1319	5.4264784
1320	63.043003
1321	61.80789
1322	25.017923
1323	58.231358
1324	36.862816
1325	27.83336
1326	32.850327
1327	35.168163
1328	36.786118
1329	51.428493
1330	42.727425
1331	46.21187
1332	15.503521
1333	31.230888
1334	48.43955
1335	63.656136
1336	24.681091
1337	48.37429
1338	76.36032
1339	20.46694
1340	36.7172
1341	4.1372333
1342	22.465824
1343	29.992666
1344	56.79448
1345	21.845959
1346	36.54577
1347	71.45277
1348	54.920807
1349	2.1467774
1350	28.202297
1351	57.38834
1352	42.995457
1353	63.21769
1354	43.021484
1355	7.286023
1356	18.637764
1357	66.9302
1358	33.241375
1359	13.263419
1360	22.249176
1361	40.873756
1362	13.024674
1363	78.72808
1364	45.399757
1365	64.41927
1366	26.58202
1367	28.957382
1368	64.25534
1369	12.796516
1370	41.887657
1371	37.847565
1372	18.359488
1373	38.48429
1374	14.597044
1375	57.31729
1376	56.272022
1377	24.017925
1378	54.274376
1379	43.816177
1380	31.486248
1381	33.62532
1382	26.963606
1383	51.79774
1384	46.458447
1385	37.28833
1386	13.077692
1387	54.541813
1388	47.360497
1389	31.42122
1390	33.539726
1391	31.139652
1392	58.158592
1393	33.219723
1394	28.501232
1395	12.633433
1396	18.301994
1397	31.992785
1398	40.633152
1399	52.36686
1400	43.321327
1401	49.26779
1402	18.169039
1403	38.724304
1404	65.99626
1405	33.17094
1406	26.278252
1407	39.02202
1408	21.025957
1409	10.045446
1410	62.49553
1411	37.65062
1412	15.159107
1413	37.48113
1414	52.803097
1415	20.271482
1416	63.18699
1417	60.094467
1418	65.89645
1419	8.423963
1420	28.458939
1421	42.449615
1422	22.897818
1423	51.523
1424	31.58944
1425	22.01097
1426	34.751915
1427	18.12006
1428	75.137764
1429	15.837054
1430	2.7412674
1431	5.3629255
1432	34.76956
1433	20.720324
1434	60.917976
1435	70.29817
1436	20.273392
1437	37.457764
1438	45.508728
1439	14.322906
1440	33.428852
1441	16.425385
1442	32.767525
1443	28.581703
1444	65.06481
1445	43.360382
1446	10.141148
1447	25.462708
1448	48.28766
1449	71.49667
1450	27.255613
1451	59.740253
1452	28.438862
1453	44.77389
1454	42.0168
1455	31.708248
1456	40.17638
1457	48.308678
1458	51.995846
1459	73.67667
1460	32.16073
1461	21.157381
1462	13.147636
1463	13.530525
1464	23.240665
1465	29.478985
1466	42.263226
1467	28.490345
1468	26.806677
1469	22.99826
1470	14.136393
1471	24.320011
1472	28.45927
1473	39.965843
1474	44.12227
1475	20.812307
1476	47.68117
1477	41.829926
1478	48.02086
1479	44.44497
1480	20.553158
1481	22.462374
1482	12.964353
1483	32.61476
1484	79.542465
1485	49.920105
1486	14.612306
1487	42.806267
1488	20.241081
1489	34.80385
1490	11.330886
1491	56.204872
1492	20.158035
1493	24.121899
1494	17.20172
1495	27.777016
1496	28.820225
1497	22.767494
1498	25.880112
1499	11.581542
1500	53.59593
1501	32.733788
1502	22.144394
1503	25.194078
1504	50.079376
1505	36.711468
1506	36.038048
1507	55.56014
1508	11.677757
1509	48.414986
1510	53.850365
1511	52.034046
1512	15.049803
1513	32.85192
1514	10.944585
1515	19.396349
1516	56.12396
1517	17.955536
1518	34.30612
1519	57.230957
1520	18.310038
1521	27.892155
1522	29.339512
1523	46.380447
1524	17.468042
1525	47.08279
1526	68.735146
1527	67.951416
1528	47.11774
1529	41.485527
1530	25.208115
1531	13.257425
1532	56.58567
1533	38.61337
1534	17.732164
1535	58.857315
1536	10.9883995
1537	34.77633
1538	33.8291
1539	28.012312
1540	35.014362
1541	29.334492
1542	50.78489
1543	19.136293
1544	23.035685
1545	43.239475
1546	44.46557
1547	30.69332
1548	41.312126
1549	40.51364
1550	35.438747
1551	66.38308
1552	50.32521
1553	24.071306
1554	18.873777
1555	22.269073
1556	20.346016
1557	35.895817
1558	25.971783
1559	36.58722
1560	12.897669
1561	65.878944
1562	79.322975
1563	34.038498
1564	67.01654
1565	26.074532
1566	53.203312
1567	48.532677
1568	58.9972
1569	58.264076
1570	50.77969
1571	60.17469
1572	30.14388
1573	41.861015
1574	32.849365
1575	33.741486
1576	40.451233
1577	49.400894
1578	35.399544
1579	36.145046
1580	24.726051
1581	16.95631
1582	22.347809
1583	44.37931
1584	48.628372
1585	27.5345
1586	7.733959
1587	25.67059
1588	62.032047
1589	37.873688
1590	33.831154
1591	52.86247
1592	32.62288
1593	27.992329
1594	38.48091
1595	24.712803
1596	35.444973
1597	55.384293
1598	50.4601
1599	29.187374
1600	28.93146
1601	20.99974
1602	25.611595
1603	55.845688
1604	23.51634
1605	13.314009
1606	43.470367
1607	49.5832
1608	32.9865
1609	61.84971
1610	27.633715
1611	50.36148
1612	34.86962
1613	3.1256042
1614	35.40362
1615	10.772213
1616	18.289425
1617	33.97727
1618	12.769337
1619	30.110518
1620	53.93052
1621	37.839157
1622	18.393599
1623	51.21656
1624	17.009636
1625	19.77869
1626	50.855232
1627	52.60717
1628	27.26514
1629	65.17895
1630	40.981667
1631	35.617676
1632	13.153855
1633	36.530193
1634	29.803537
1635	25.514706
1636	30.342539
1637	17.044832
1638	39.951378
1639	17.322632
1640	46.576836
1641	43.73253
1642	46.09413
1643	41.926857
1644	37.67528
1645	19.844614
1646	21.887896
1647	10.508764
1648	22.280367
1649	65.3707
1650	32.24187
1651	48.68122
1652	20.082335
1653	61.145977
1654	24.807241
1655	9.589358
1656	61.723667
1657	38.697723
1658	25.40022
1659	20.8584
1660	18.718405
1661	40.938618
1662	64.1108
1663	66.980286
1664	54.815086
1665	23.110945
1666	14.675367
1667	38.495335
1668	37.170773
1669	11.364634
1670	12.483698
1671	31.652643
1672	53.43539
1673	36.27622
1674	25.145012
1675	57.175133
1676	57.198574
1677	43.13616
1678	43.65667
1679	52.869446
1680	58.084667
1681	14.011486
1682	15.44111
1683	23.87701
1684	13.2522545
1685	10.850936
1686	22.181011
1687	30.421858
1688	52.96617
1689	49.408943
1690	67.43233
1691	1.1071504
1692	28.178669
1693	46.562363
1694	44.200127
1695	44.953598
1696	53.800774
1697	7.840506
1698	19.20769
1699	38.795948
1700	45.635445
1701	18.966904
1702	44.699917
1703	24.380335
1704	35.478554
1705	52.334084
1706	56.162643
1707	71.98632
1708	45.145565
1709	58.28061
1710	42.539497
1711	38.616768
1712	41.5114
1713	58.20165
1714	63.477592
1715	12.786844
1716	42.094727
1717	26.524239
1718	18.133236
1719	67.94341
1720	55.782417
1721	23.89458
1722	6.5056124
1723	76.546036
1724	32.774147
1725	31.396584
1726	2.7732358
1727	46.840847
1728	20.625736
1729	26.408339
1730	29.965475
1731	8.195454
1732	56.469204
1733	12.673744
1734	29.323147
1735	9.763424
1736	20.876757
1737	41.658005
1738	27.961628
1739	52.62333
1740	9.195984
1741	16.978046
1742	33.251987
1743	62.214703
1744	73.61929
1745	59.143093
1746	63.39895
1747	49.147606
1748	46.180065
1749	24.856712
1750	68.90656
1751	45.89161
1752	55.36329
1753	57.392796
1754	57.976444
1755	25.262197
1756	18.227211
1757	35.961983
1758	28.012705
1759	31.631615
1760	41.27819
1761	16.68767
1762	49.40385
1763	58.206715
1764	60.457153
1765	35.758247
1766	38.268982
1767	30.400236
1768	47.497543
1769	52.619614
1770	12.928419
1771	42.91525
1772	11.219936
1773	61.806866
1774	40.624886
1775	10.367986
1776	29.731102
1777	47.44489
1778	3.2140431
1779	16.005142
1780	44.95405
1781	49.607365
1782	43.838997
1783	40.536095
1784	18.439701
1785	44.583534
1786	41.17608
1787	16.075525
1788	46.3659
1789	13.194933
1790	40.12829
1791	32.084076
1792	20.83505
1793	67.6259
1794	33.299416
1795	19.23029
1796	14.227855
1797	17.412912
1798	17.046553
1799	40.66481
1800	11.050093
1801	22.072063
1802	32.905693
1803	31.355597
1804	27.88248
1805	40.462322
1806	13.309219
1807	20.420801
1808	40.574177
1809	10.576917
1810	16.979542
1811	43.152657
1812	44.27795
1813	43.281254
1814	25.82958
1815	40.530426
1816	23.245996
1817	26.928793
1818	28.683989
1819	25.078934
1820	69.38731
1821	27.935482
1822	27.597614
1823	26.474972
1824	71.72943
1825	42.382782
1826	33.727295
1827	30.030796
1828	12.79681
1829	45.417896
1830	37.2246
1831	39.3939
1832	33.775795
1833	18.385885
1834	58.180878
1835	67.99434
1836	30.497475
1837	33.225025
1838	35.655727
1839	18.011421
1840	18.847313
1841	37.257805
1842	48.149918
1843	42.201637
1844	24.768415
1845	41.524498
1846	21.610388
1847	59.967663
1848	56.846085
1849	23.69012
1850	9.063536
1851	32.2104
1852	12.634451
1853	42.92137
1854	54.828655
1855	19.448862
1856	53.16254
1857	42.410423
1858	30.42907
1859	24.533508
1860	27.942755
1861	39.265175
1862	9.69903
1863	29.028336
1864	13.511923
1865	75.16118
1866	13.529106
1867	56.036522
1868	27.501839
1869	45.31688
1870	17.787533
1871	13.856338
1872	33.641956
1873	39.992325
1874	18.7015
1875	44.45918
1876	74.38431
1877	42.664085
1878	43.184902
1879	50.273605
1880	17.973883
1881	68.47301
1882	42.96488
1883	21.019638
1884	14.657964
1885	35.926685
1886	40.235157
1887	37.06622
1888	19.256409
1889	19.309479
1890	56.750164
1891	38.05314
1892	27.030838
1893	38.694244
1894	36.59889
1895	28.765068
1896	9.752634
1897	38.837387
1898	42.06443
1899	67.95439
1900	14.647212
1901	5.246558
1902	36.16083
1903	61.53657
1904	39.78118
1905	34.14336
1906	46.436245
1907	32.974125
1908	40.826523
1909	51.855225
1910	39.60923
1911	53.52587
1912	59.049877
1913	38.805603
1914	13.273945
1915	11.644501
1916	20.730602
1917	64.7699
1918	30.36552
1919	36.912285
1920	51.477493
1921	54.84883
1922	42.960236
1923	27.06203
1924	38.44623
1925	57.423523
1926	64.71228
1927	21.77476
1928	60.35479
1929	63.699116
1930	17.641243
1931	56.97869
1932	12.592909
1933	51.88102
1934	16.752024
1935	10.272058
1936	18.735336
1937	47.32521
1938	64.57424
1939	56.619537
1940	32.990147
1941	38.17487
1942	35.893715
1943	58.843765
1944	30.517681
1945	26.43751
1946	27.689816
1947	49.457947
1948	39.38365
1949	29.803965
1950	23.825764
1951	34.815865
1952	54.43864
1953	51.53715
1954	45.082615
1955	10.206327
1956	37.72531
1957	72.50081
1958	53.569073
1959	49.723557
1960	42.319405
1961	47.76402
1962	43.92815
1963	63.010036
1964	14.446829
1965	28.878609
1966	19.776573
1967	33.11038
1968	0.43556404
1969	33.24152
1970	15.649542
1971	71.050255
1972	31.60551
1973	6.423476
1974	36.48213
1975	36.987473
1976	68.893745
1977	41.995243
1978	36.65853
1979	27.361214
1980	59.32446
1981	33.382675
1982	30.66048
1983	25.5438
1984	61.05371
1985	39.89448
1986	61.68432
1987	52.901314
1988	5.0812235
1989	34.507385
1990	35.032764
1991	14.313814
1992	38.169487
1993	65.15395
1994	19.022358
1995	73.97316
1996	27.892605
1997	31.953789
1998	48.60943
1999	50.161144
2000	30.713099
2001	17.571854
2002	44.311626
2003	45.18224
2004	25.820274
2005	42.980103
2006	49.00408
2007	35.89935
2008	38.204468
2009	41.968575
2010	40.32847
2011	23.900938
2012	69.56702
2013	33.4176
2014	32.7501
2015	32.83824
2016	15.587826
2017	6.022893
2018	24.652233
2019	42.856644
2020	41.348587
2021	8.448751
2022	18.484882
2023	17.257187
2024	47.61016
2025	50.306087
2026	61.956234
2027	52.816612
2028	59.431377
2029	45.443314
2030	39.381294
2031	55.570953
2032	63.83059
2033	42.04279
2034	24.448322
2035	29.982283
2036	35.18849
2037	13.769195
2038	17.830528
2039	63.765617
2040	27.7336
2041	30.26065
2042	33.131413
2043	9.104916
2044	58.851124
2045	30.761478
2046	36.96244
2047	30.103485
2048	45.573975
2049	6.12481
2050	11.954792
2051	48.815853
2052	47.370125
2053	34.792694
2054	28.481049
2055	73.85361
2056	43.868946
2057	25.472988
2058	64.20648
2059	37.328644
2060	50.80773
2061	27.294273
2062	49.75114
2063	15.915066
2064	47.47972
2065	38.220047
2066	48.744102
2067	1.8109839
2068	38.96479
2069	68.816124
2070	19.273476
2071	18.967878
2072	52.834362
2073	52.18466
2074	34.234154
2075	46.909866
2076	18.455418
2077	22.475014
2078	67.36565
2079	35.784325
2080	19.222057
2081	22.369331
2082	12.344441
2083	42.727875
2084	28.538345
2085	25.760246
2086	15.06234
2087	72.52593
2088	19.701965
2089	39.03636
2090	39.03387
2091	54.683044
2092	33.04844
2093	43.445694
2094	38.93901
2095	34.91672
2096	26.48176
2097	32.738983
2098	4.293579
2099	20.042683
2100	48.419285
2101	62.53211
2102	62.16056
2103	20.458702
2104	29.769936
2105	47.55305
2106	6.7591686
2107	49.78091
2108	74.68489
2109	39.664894
2110	40.499466
2111	10.939045
2112	34.619713
2113	55.586433
2114	48.701607
2115	12.275436
2116	69.393776
2117	19.568703
2118	32.87226
2119	46.47926
2120	24.96853
2121	59.81707
2122	33.54851
2123	57.27387
2124	52.043602
2125	38.22645
2126	14.220093
2127	33.330154
2128	10.901279
2129	66.14444
2130	16.102577
2131	52.480366
2132	63.40627
2133	17.495464
2134	10.863052
2135	21.147669
2136	26.4188
2137	29.45578
2138	15.825698
2139	12.099924
2140	41.20796
2141	6.231389
2142	20.913197
2143	41.947136
2144	39.99151
2145	29.496767
2146	22.140562
2147	57.558517
2148	47.167667
2149	41.814453
2150	36.93573
2151	57.833965
2152	43.75966
2153	31.961975
2154	39.539787
2155	42.161858
2156	63.97721
2157	43.621883
2158	16.379932
2159	21.750042
2160	37.229717
2161	32.541683
2162	75.44421
2163	17.242714
2164	28.23235
2165	39.038025
2166	46.242424
2167	14.918173
2168	23.824718
2169	28.241938
2170	15.963873
2171	47.266518
2172	21.21611
2173	48.147606
2174	19.290308
2175	41.846897
2176	62.353172
2177	24.893806
2178	31.113337
2179	30.58124
2180	42.168472
2181	56.62333
2182	51.87266
2183	11.0650215
2184	23.51136
2185	23.43949
2186	61.7591
2187	30.858223
2188	18.967949
2189	24.113583
2190	21.515377
2191	24.034317
2192	42.526352
2193	8.709702
2194	36.106155
2195	36.34479
2196	42.91885
2197	18.819757
2198	49.388977
2199	17.788015
2200	54.67646
2201	22.857845
2202	32.927563
2203	20.663914
2204	42.677166
2205	18.945583
2206	32.720276
2207	51.395782
2208	5.969047
2209	49.41929
2210	41.63344
2211	54.400368
2212	16.649551
2213	47.79045
2214	24.115711
2215	36.287643
2216	39.582184
2217	25.590738
2218	35.37645
2219	8.671305
2220	68.73184
2221	23.218409
2222	11.323323
2223	37.87145
2224	38.18283
2225	42.981575
2226	27.678375
2227	65.289314
2228	37.797066
2229	42.781837
2230	46.576565
2231	26.018322
2232	63.07627
2233	33.862514
2234	62.40779
2235	34.947456
2236	44.340084
2237	18.73548
2238	44.287434
2239	34.46767
2240	22.404448
2241	39.790695
2242	56.555847
2243	38.071056
2244	17.682735
2245	36.49267
2246	22.298054
2247	17.959454
2248	16.45434
2249	21.566109
2250	62.141632
2251	24.935402
2252	41.421345
2253	33.83877
2254	17.237883
2255	2.126065
2256	22.18116
2257	49.872375
2258	16.805655
2259	4.369262
2260	23.663559
2261	29.579977
2262	55.0221
2263	78.5345
2264	41.04621
2265	22.193962
2266	49.038612
2267	58.19696
2268	56.52118
2269	61.288048
2270	51.371635
2271	33.881744
2272	11.69664
2273	41.34394
2274	36.288334
2275	29.606462
2276	47.70125
2277	21.052225
2278	70.851135
2279	66.69389
2280	48.37703
2281	65.489944
2282	6.2394977
2283	59.25154
2284	29.551397
2285	46.24193
2286	41.410896
2287	20.665556
2288	25.631094
2289	20.330465
2290	37.882847
2291	31.395182
2292	63.662395
2293	43.45493
2294	61.92061
2295	20.916235
2296	17.291367
2297	10.420299
2298	29.892515
2299	39.624683
2300	45.27239
2301	43.345478
2302	26.579132
2303	18.12756
