0	29.354195
1	33.2889
2	8.9037
3	14.287478
4	49.747227
5	6.949404
6	28.294243
7	51.759415
8	22.879496
9	41.263474
10	42.00642
11	43.41176
12	39.205414
13	41.04779
14	6.033689
15	10.200782
16	45.41191
17	46.455368
18	32.884766
19	13.457443
20	63.261932
21	54.188908
22	12.8798275
23	56.17661
24	13.353516
25	47.94802
26	0.2495135
27	36.383938
28	55.77201
29	23.306755
30	24.008163
31	28.301865
32	10.244767
33	12.598901
34	29.45784
35	18.410934
36	44.61394
37	30.72995
38	28.702097
39	21.019512
40	39.16478
41	37.037823
42	38.58
43	21.609734
44	29.438913
45	30.89143
46	60.992416
47	45.445206
48	17.92937
49	46.595985
50	57.00846
51	27.038929
52	62.29389
53	11.122053
54	18.094814
55	18.020645
56	56.704227
57	8.144134
58	10.405603
59	48.63817
60	33.837692
61	34.45814
62	21.51505
63	15.019292
64	22.203247
65	6.9327965
66	17.62809
67	20.708803
68	20.424694
69	25.854286
70	56.676834
71	3.106384
72	21.140995
73	15.666908
74	36.129993
75	21.295256
76	33.08261
77	4.805472
78	23.390795
79	5.700475
80	17.08964
81	29.842323
82	17.6999
83	52.77713
84	53.834854
85	33.78011
86	17.748375
87	28.563211
88	31.030981
89	35.088196
90	7.237684
91	17.789806
92	6.0003853
93	26.538052
94	50.34478
95	7.718346
96	12.267558
97	24.809717
98	16.465492
99	17.78215
100	0.3386631
101	56.565685
102	13.472635
103	39.879093
104	1.758066
105	32.020718
106	31.713572
107	56.05671
108	17.582607
109	0.49300843
110	27.085249
111	10.350604
112	17.590157
113	4.0042453
114	40.76302
115	49.681583
116	14.8397455
117	4.703065
118	5.522765
119	34.98639
120	11.626355
121	59.71851
122	24.084272
123	18.151554
124	17.424286
125	53.007053
126	43.51689
127	22.839315
128	36.014862
129	2.6932125
130	2.7689028
131	24.18921
132	30.090475
133	46.824745
134	29.504648
135	29.247734
136	32.541225
137	46.23917
138	33.188026
139	46.251476
140	21.062017
141	19.595612
142	0.7879441
143	34.90012
144	24.205713
145	12.099819
146	36.778957
147	29.357729
148	34.3733
149	11.814255
150	1.9026133
151	1.2862535
152	10.441103
153	21.603407
154	9.901752
155	12.571946
156	7.504285
157	53.24692
158	58.946384
159	40.86011
160	26.890007
161	5.7792325
162	25.157509
163	6.40918
164	33.827835
165	10.836736
166	57.171143
167	12.36788
168	48.58007
169	59.910553
170	35.248707
171	39.636837
172	46.026516
173	12.523913
174	34.186993
175	25.603306
176	36.68306
177	25.093218
178	6.270172
179	21.935474
180	2.8106816
181	26.230011
182	34.714344
183	36.57752
184	18.169975
185	29.47689
186	15.919496
187	11.084278
188	26.86154
189	40.040325
190	31.990122
191	25.65084
192	14.923262
193	14.754891
194	18.085144
195	11.463961
196	35.986217
197	31.367981
198	8.988938
199	14.181155
200	14.435917
201	63.789444
202	8.646359
203	46.69788
204	17.001225
205	11.666151
206	39.001614
207	14.925622
208	28.386616
209	15.522276
210	18.860106
211	36.6426
212	57.469906
213	38.05567
214	32.68183
215	29.638866
216	19.806381
217	49.850986
218	16.113655
219	5.975613
220	41.71215
221	54.979015
222	50.06996
223	44.910873
224	53.92212
225	16.922573
226	28.235485
227	37.186893
228	41.892857
229	66.274216
230	13.810776
231	40.874554
232	27.320635
233	9.1511135
234	8.820465
235	16.470034
236	12.945057
237	12.772461
238	36.804745
239	16.439213
240	60.208458
241	42.144577
242	27.214323
243	61.90491
244	36.841473
245	9.299182
246	37.329193
247	66.67246
248	8.945099
249	34.030067
250	25.021502
251	46.288815
252	19.639475
253	32.573483
254	53.182877
255	57.33053
256	53.849777
257	10.136003
258	28.276638
259	5.8992906
260	59.343044
261	44.778774
262	43.599445
263	17.691755
264	53.41587
265	36.234406
266	20.760904
267	45.251373
268	37.72984
269	63.791733
270	50.220707
271	43.717968
272	10.89495
273	23.11555
274	62.47166
275	21.09391
276	33.878853
277	28.100151
278	31.221134
279	63.347183
280	34.447098
281	25.053183
282	62.159744
283	41.0131
284	27.80694
285	27.577549
286	23.986542
287	27.316727
288	24.417534
289	35.849857
290	16.83617
291	12.8602085
292	65.528755
293	44.76131
294	14.923921
295	25.082363
296	51.56153
297	10.936028
298	49.44815
299	23.690218
300	14.767479
301	23.674557
302	58.404243
303	59.523563
304	51.292862
305	52.592705
306	48.21744
307	25.77989
308	50.36727
309	14.04393
310	45.692436
311	50.933075
312	66.883385
313	13.716969
314	32.212452
315	18.642492
316	57.461044
317	36.591877
318	37.24483
319	50.979755
320	16.508448
321	34.020405
322	40.00474
323	13.264187
324	11.505815
325	10.075543
326	49.426643
327	6.4387054
328	8.86452
329	30.03291
330	7.2797256
331	37.977047
332	38.08172
333	46.707005
334	36.277744
335	43.61531
336	32.101738
337	32.70998
338	48.01017
339	33.64962
340	44.33687
341	14.945927
342	10.736509
343	22.419415
344	22.490463
345	27.885563
346	21.239744
347	33.49571
348	18.240509
349	63.34904
350	21.863203
351	35.901886
352	7.425147
353	46.29425
354	20.986652
355	43.031227
356	53.496365
357	15.243923
358	47.990036
359	15.104195
360	10.4277725
361	24.87954
362	44.198063
363	49.589214
364	29.322937
365	22.384804
366	38.087517
367	11.141911
368	41.16362
369	30.894655
370	51.89661
371	55.727623
372	19.835459
373	24.807915
374	25.801252
375	17.61163
376	54.39226
377	64.60914
378	19.008438
379	21.155571
380	28.728622
381	57.076347
382	46.961617
383	36.149323
384	66.03743
385	65.87771
386	61.32487
387	58.658894
388	10.643402
389	12.606463
390	15.485309
391	26.525106
392	59.302494
393	8.245489
394	13.15286
395	22.032764
396	38.972965
397	20.217152
398	36.28667
399	3.0660708
400	34.306107
401	36.836796
402	29.049173
403	21.713842
404	9.404411
405	13.169449
406	23.050232
407	14.1855135
408	6.330388
409	49.304497
410	41.964687
411	32.26218
412	21.735085
413	40.45481
414	31.333172
415	28.944183
416	34.48854
417	5.9475913
418	18.656479
419	0.36150795
420	4.1522746
421	49.89054
422	39.70906
423	3.139471
424	10.338272
425	38.56503
426	24.981539
427	24.525528
428	50.21653
429	38.92448
430	57.237175
431	14.294185
432	29.052084
433	18.845545
434	46.479187
435	19.646763
436	27.263985
437	55.92899
438	6.827168
439	38.8718
440	52.584003
441	37.329113
442	55.47268
443	22.771069
444	29.84177
445	29.023855
446	20.569801
447	8.639764
448	28.783007
449	10.445047
450	28.431501
451	37.15591
452	19.736586
453	32.73737
454	30.686747
455	33.612686
456	44.20044
457	59.68251
458	25.215694
459	35.71416
460	1.7981465
461	52.90803
462	39.431225
463	57.795937
464	14.078084
465	11.095875
466	32.56029
467	4.3203735
468	7.5214067
469	4.9562674
470	37.03556
471	11.609504
472	28.144733
473	54.90857
474	2.7179253
475	1.7579554
476	8.99703
477	7.156708
478	11.502857
479	19.948189
480	33.482296
481	6.9530344
482	20.868736
483	23.526669
484	31.169888
485	0.37216178
486	28.162115
487	36.445248
488	14.965777
489	14.681081
490	26.473957
491	35.03824
492	17.408415
493	16.168327
494	4.9717035
495	17.48425
496	28.641083
497	52.2666
498	18.106905
499	28.882273
500	0.15672554
501	22.344522
502	34.160637
503	7.242107
504	32.94701
505	25.550425
506	34.050797
507	36.961437
508	33.29286
509	28.162588
510	36.445045
511	19.511965
512	59.347973
513	30.722908
514	49.7595
515	16.305634
516	40.123844
517	54.003304
518	25.31478
519	26.008093
520	4.724409
521	33.08569
522	48.481133
523	26.363401
524	2.4809442
525	59.997673
526	17.262375
527	3.8451297
528	39.066647
529	51.292915
530	36.782898
531	40.297077
532	31.528448
533	31.233446
534	3.562587
535	3.246358
536	37.84949
537	30.313356
538	30.202803
539	32.21607
540	22.456448
541	6.0702314
542	20.96996
543	27.134418
544	38.011642
545	38.462826
546	51.75132
547	6.8316116
548	15.880755
549	35.550415
550	56.064064
551	21.927174
552	36.183777
553	33.47755
554	22.643776
555	39.51528
556	29.641562
557	7.1790814
558	37.72764
559	11.641872
560	31.27204
561	15.985755
562	13.85243
563	1.1063088
564	3.6371772
565	18.168179
566	5.272976
567	58.070576
568	25.322495
569	10.154261
570	49.796654
571	14.76014
572	18.714155
573	11.566021
574	41.886105
575	14.7766695
576	39.316727
577	15.680291
578	9.845666
579	37.83128
580	3.1088393
581	36.756824
582	46.8016
583	7.7578635
584	46.89096
585	26.790556
586	30.205786
587	51.619358
588	17.80658
589	12.074859
590	52.615356
591	45.8237
592	43.6972
593	56.250294
594	26.465668
595	48.08
596	22.69711
597	18.38182
598	56.343884
599	51.516975
600	22.691853
601	45.640015
602	50.786777
603	7.4482427
604	23.263771
605	17.145073
606	7.5144305
607	3.0912998
608	18.591469
609	6.8646283
610	33.009914
611	28.26677
612	46.328247
613	29.771437
614	12.836817
615	50.5833
616	39.531586
617	28.78837
618	39.01194
619	9.875283
620	28.98435
621	30.27665
622	5.645627
623	31.214228
624	44.632195
625	35.779114
626	6.3900332
627	38.171227
628	6.6526656
629	4.288996
630	23.045097
631	19.81737
632	39.78301
633	18.936806
634	14.72693
635	55.969612
636	15.983299
637	39.484398
638	2.8707306
639	29.782774
640	26.824976
641	21.147121
642	47.72486
643	46.619976
644	1.4253078
645	17.65513
646	11.326733
647	29.648834
648	16.63316
649	7.7322464
650	15.806458
651	20.976967
652	19.52524
653	21.372152
654	39.268578
655	57.602245
656	32.375206
657	52.6853
658	52.703564
659	29.515223
660	10.619594
661	38.871277
662	35.633728
663	11.527879
664	12.501159
665	29.961916
666	57.421135
667	35.05591
668	11.992825
669	18.623512
670	54.687424
671	29.94059
672	33.014717
673	52.98022
674	26.618134
675	4.743781
676	43.381916
677	50.20996
678	10.100767
679	16.279593
680	49.267715
681	59.609016
682	24.34626
683	23.182121
684	30.896643
685	15.8348465
686	14.388325
687	30.220877
688	29.336906
689	5.456854
690	0.21051374
691	43.892105
692	57.704243
693	11.90859
694	2.3480904
695	21.224844
696	39.391556
697	8.315781
698	28.435205
699	26.764832
700	31.684732
701	27.407373
702	13.808887
703	32.29359
704	5.556539
705	49.23938
706	17.551329
707	27.270712
708	50.088303
709	10.104377
710	5.3585463
711	15.250738
712	17.502811
