0	7.0264673
1	42.216446
2	38.815254
3	46.397182
4	49.862926
5	33.663
6	76.708725
7	29.667889
8	12.260155
9	33.55037
10	28.10989
11	11.419786
12	0.9336828
13	13.902658
14	32.432144
15	44.44863
16	29.700571
17	44.12681
18	13.545169
19	6.4175463
20	31.333887
21	31.8494
22	71.55587
23	56.042168
24	33.067734
25	31.167406
26	27.88804
27	54.81208
28	38.375893
29	22.744263
30	68.27611
31	25.42443
32	54.988777
33	7.3706946
34	48.95704
35	50.971176
36	41.71395
37	27.801952
38	35.34162
39	19.992422
40	19.88462
41	47.87286
42	36.557343
43	44.72509
44	42.035103
45	33.764263
46	13.228264
47	50.98168
48	25.460394
49	42.175446
50	39.19
51	58.28425
52	9.437689
53	28.021814
54	26.3311
55	74.30228
56	12.764147
57	57.583107
58	62.342304
59	43.58931
60	25.645386
61	48.309517
62	62.79278
63	28.49003
64	74.10411
65	70.018936
66	37.445465
67	24.637566
68	40.415936
69	27.49628
70	37.96666
71	24.09598
72	61.005127
73	43.242382
74	32.748833
75	36.976326
76	37.053062
77	49.029076
78	54.140705
79	35.570137
80	20.93103
81	20.278683
82	16.946457
83	24.318184
84	20.0194
85	15.010843
86	40.732346
87	63.481937
88	6.882322
89	71.346596
90	28.211613
91	64.316635
92	28.942997
93	39.725224
94	30.257004
95	49.002663
96	69.45617
97	20.31904
98	54.875896
99	59.262962
100	45.28076
101	25.606873
102	42.484413
103	10.079401
104	41.148907
105	30.253515
106	34.193367
107	19.612055
108	59.634853
109	11.100209
110	13.139645
111	59.238293
112	34.9009
113	70.67366
114	26.01924
115	39.43429
116	43.789513
117	22.085112
118	32.42157
119	15.783521
120	72.1974
121	17.474455
122	33.142292
123	47.306564
124	66.50296
125	47.812798
126	41.957962
127	18.379473
128	6.914604
129	19.801285
130	46.432648
131	15.933778
132	55.094475
133	50.13347
134	39.22498
135	17.593754
136	60.36459
137	31.71422
138	17.496376
139	34.21053
140	37.58802
141	8.653116
142	35.537548
143	27.700708
144	41.37497
145	4.1975427
146	11.59373
147	20.099215
148	19.610363
149	58.675354
150	33.59808
151	53.97854
152	47.473976
153	45.351574
154	8.654011
155	19.355778
156	54.597816
157	19.40189
158	41.29574
159	23.888775
160	24.7262
161	23.014038
162	26.831512
163	45.701057
164	38.497425
165	51.249653
166	43.02512
167	78.21867
168	47.479355
169	7.1765385
170	34.753597
171	27.079842
172	18.545988
173	42.916824
174	54.1657
175	56.198807
176	40.446087
177	26.01168
178	11.916746
179	33.791428
180	54.57543
181	25.269966
182	55.350464
183	23.955349
184	23.33147
185	29.93154
186	53.48853
187	22.21121
188	69.60966
189	60.74827
190	28.148108
191	35.788963
192	21.046978
193	59.659725
194	52.733273
195	33.379807
196	20.559486
197	45.28041
198	65.60328
199	34.970325
200	36.118988
201	25.229519
202	18.368841
203	23.44641
204	37.78787
205	30.310362
206	32.888508
207	28.194613
208	30.980433
209	5.6551294
210	62.48657
211	54.866047
212	14.317522
213	37.851448
214	58.634808
215	26.53363
216	24.932526
217	53.25705
218	34.05321
219	63.434383
220	43.861748
221	16.417587
222	21.124012
223	23.982582
224	47.1872
225	34.55896
226	35.34311
227	48.308437
228	40.234787
229	48.00678
230	26.176704
231	9.936701
232	10.5102625
233	52.92781
234	78.44068
235	33.802155
236	32.208588
237	15.348236
238	42.80347
239	37.51006
240	33.530903
241	43.50513
242	61.148182
243	15.210339
244	50.19166
245	59.89228
246	42.8301
247	9.665429
248	14.396873
249	18.736357
250	57.79298
251	28.052515
252	28.222961
253	56.444263
254	10.307802
255	70.75186
256	3.7241278
257	75.27203
258	7.937879
259	46.81686
260	67.727104
261	47.18466
262	37.65186
263	10.488633
264	42.96453
265	30.602043
266	45.26744
267	28.331217
268	49.667187
269	24.19924
270	32.089752
271	41.01697
272	19.899101
273	63.941013
274	24.158207
275	58.264732
276	61.348515
277	23.305586
278	20.746166
279	19.732435
280	20.911186
281	21.011885
282	27.265474
283	26.570053
284	31.30028
285	26.341347
286	45.06209
287	13.648539
288	41.99393
289	29.609783
290	20.048065
291	23.241053
292	36.30922
293	57.21901
294	22.778015
295	16.545439
296	40.146942
297	43.176025
298	35.42456
299	36.82459
300	4.53704
301	25.552488
302	42.55975
303	39.40115
304	32.004738
305	36.224297
306	13.613769
307	11.024771
308	64.37961
309	68.49932
310	54.042103
311	33.14317
312	24.078674
313	32.164604
314	32.232487
315	33.608265
316	66.48383
317	45.026352
318	22.758644
319	19.876892
320	29.427246
321	17.559502
322	14.392536
323	32.63002
324	26.804987
325	23.157284
326	14.6891985
327	22.941055
328	67.7634
329	12.865299
330	55.674057
331	71.60219
332	54.50026
333	45.625854
334	46.94728
335	36.562828
336	5.594117
337	61.727524
338	34.574203
339	26.413767
340	24.141268
341	31.18731
342	14.23032
343	21.228859
344	22.868906
345	36.469284
346	60.40714
347	30.303682
348	42.875126
349	24.736485
350	40.084988
351	44.334618
352	31.496414
353	47.478817
354	43.686558
355	35.297325
356	6.519177
357	6.461896
358	27.485407
359	9.724075
360	33.075947
361	41.563942
362	43.020367
363	26.040028
364	30.739416
365	72.823105
366	12.692277
367	61.85744
368	54.886543
369	51.80405
370	54.491253
371	13.670362
372	7.8599997
373	18.714834
374	15.945911
375	23.0113
376	49.74966
377	49.308292
378	20.546425
379	16.267971
380	60.241554
381	33.210335
382	44.315926
383	47.020508
384	8.294817
385	20.258377
386	51.44757
387	30.408318
388	30.4488
389	17.3552
390	44.390266
391	29.926968
392	17.121435
393	48.218483
394	33.013424
395	21.753134
396	18.900871
397	19.21291
398	21.802795
399	43.9836
400	45.575127
401	26.850538
402	47.07239
403	32.62696
404	14.039865
405	65.269516
406	54.366062
407	63.79087
408	42.34531
409	38.717392
410	22.208029
411	25.454756
412	26.267035
413	23.483566
414	50.64498
415	29.955612
416	29.32149
417	42.159676
418	31.261871
419	35.474403
420	35.66291
421	67.87749
422	23.01163
423	25.917133
424	56.35519
425	54.90762
426	55.685265
427	65.43963
428	29.311924
429	44.076157
430	55.05488
431	48.830788
432	26.342367
433	16.702677
434	21.793602
435	29.103283
436	25.14042
437	17.010078
438	58.61193
439	76.90565
440	20.077589
441	49.85322
442	7.490885
443	23.85923
444	52.07083
445	39.01604
446	72.45242
447	39.55305
448	19.016518
449	48.41188
450	23.0658
451	56.148224
452	65.12329
453	35.176136
454	41.12687
455	22.99945
456	3.019955
457	54.73386
458	39.987526
459	26.248964
460	71.86397
461	19.35983
462	29.732151
463	51.786594
464	40.642742
465	12.152196
466	42.99827
467	64.63849
468	58.280647
469	48.46396
470	45.365467
471	12.325903
472	10.499051
473	31.118963
474	35.712353
475	31.310932
476	58.8899
477	26.423376
478	12.351633
479	60.978855
480	26.331242
481	24.355902
482	28.899996
483	30.99629
484	41.99436
485	29.330225
486	63.965126
487	71.64699
488	13.374885
489	40.01556
490	22.857988
491	14.505732
492	32.80277
493	35.03296
494	52.920597
495	37.200165
496	33.05395
497	56.996902
498	51.954037
499	28.328152
500	29.251648
501	26.83712
502	19.982107
503	30.51983
504	18.280283
505	24.344557
506	42.185135
507	25.338848
508	18.191107
509	23.603266
510	14.21889
511	32.276115
512	48.881954
513	10.121736
514	17.046482
515	15.986448
516	45.060627
517	36.999718
518	43.818127
519	66.122055
520	23.61877
521	48.178223
522	30.450935
523	13.539563
524	19.95294
525	53.36764
526	63.579494
527	22.421715
528	36.728703
529	34.76607
530	22.726768
531	32.17134
532	20.164864
533	68.66818
534	15.6638
535	50.35618
536	34.668037
537	21.843517
538	41.177364
539	36.11778
540	42.122967
541	61.622948
542	38.970745
543	39.11662
544	20.54924
545	53.652046
546	66.38886
547	17.796276
548	15.233572
549	16.855991
550	71.93224
551	43.21068
552	67.595184
553	64.49672
554	19.547964
555	20.869122
556	52.940315
557	43.288727
558	15.459007
559	33.014973
560	37.91031
561	29.376202
562	40.816944
563	37.464657
564	41.82612
565	30.559711
566	38.736267
567	36.594635
568	53.280613
569	41.52349
570	68.52244
571	49.117233
572	34.214924
573	19.46678
574	27.724463
575	61.134933
576	22.137466
577	20.010626
578	50.845215
579	62.434975
580	28.017204
581	25.359793
582	19.899284
583	42.604977
584	33.880775
585	23.111183
586	37.84206
587	50.781517
588	50.869137
589	16.084888
590	3.6871934
591	2.1455023
592	65.695175
593	28.925314
594	36.74457
595	20.864666
596	28.33056
597	42.23102
598	36.714664
599	73.15357
600	24.40055
601	32.607445
602	49.43496
603	23.353848
604	22.290062
605	20.81491
606	42.562534
607	37.71295
608	24.234694
609	45.556614
610	17.494347
611	61.109486
612	52.689415
613	61.10351
614	10.361019
615	43.80858
616	39.791084
617	35.66411
618	53.328163
619	50.917213
620	18.004395
621	69.86806
622	19.58786
623	46.54495
624	54.064323
625	40.94335
626	41.321327
627	27.76171
628	33.15485
629	18.45295
630	54.14907
631	9.781821
632	38.775234
633	50.434788
634	16.560547
635	70.500336
636	18.847736
637	38.198868
638	18.52042
639	58.925186
640	46.2433
641	31.248058
642	46.207455
643	36.384018
644	7.588218
645	26.849836
646	48.45654
647	15.701272
648	16.012836
649	67.83677
650	29.735407
651	64.845116
652	37.84646
653	48.844032
654	41.77763
655	55.386135
656	37.92687
657	50.82424
658	48.206337
659	4.9784966
660	40.10398
661	30.770283
662	39.617558
663	56.7667
664	55.284218
665	25.309177
666	10.061195
667	8.379783
668	22.827461
669	34.310936
670	21.420918
671	36.82367
672	38.825275
673	27.802591
674	41.69097
675	59.43795
676	53.003418
677	54.397747
678	8.044495
679	43.245567
680	39.608913
681	51.81338
682	15.229994
683	30.540184
684	56.360516
685	43.79537
686	65.12922
687	22.694023
688	3.4130974
689	34.527782
690	43.366344
691	12.203257
692	36.938736
693	36.398834
694	49.886272
695	41.793026
696	55.785164
697	18.832087
698	6.9431505
699	28.11497
700	58.07066
701	61.477703
702	34.073322
703	13.238639
704	43.10073
705	37.534073
706	28.169
707	44.2875
708	59.259148
709	26.909925
710	6.2311444
711	21.815826
712	10.932986
713	36.981174
714	27.584742
715	48.35515
716	54.53008
717	17.204762
718	24.163452
719	8.389312
720	31.388382
721	23.088053
722	17.114391
723	24.600702
724	16.705853
725	34.3425
726	40.47836
727	35.77416
728	22.69608
729	32.328697
730	57.330048
731	33.88171
732	35.240852
733	24.296448
734	62.473713
735	26.269855
736	48.896915
737	60.014626
738	16.411293
739	33.468544
740	48.690647
741	56.7538
742	67.302734
743	42.58184
744	45.27487
745	72.03537
746	54.56924
747	10.452487
748	63.166855
749	42.14008
750	23.857
751	55.70555
752	33.253483
753	43.885468
754	21.135107
755	73.35162
756	58.703766
757	37.140194
758	4.193465
759	39.07329
760	18.251478
761	28.63781
762	67.24631
763	17.609165
764	52.83592
765	38.10279
766	26.966686
767	46.045338
768	21.08186
769	16.254763
770	16.607666
771	32.131546
772	37.77104
773	37.19942
774	45.75821
775	31.33949
776	43.514084
777	18.62624
778	15.42419
779	53.621223
780	20.661263
781	68.88326
782	31.488203
783	19.464693
784	57.888115
785	69.52197
786	47.300797
787	60.45032
788	39.651413
789	35.831295
790	42.793156
791	30.903887
792	57.753426
793	30.451313
794	63.29512
795	70.06903
796	15.97962
797	18.365784
798	46.79837
799	50.223976
800	40.405365
801	51.340908
802	19.190088
803	32.063667
804	24.03085
805	36.429806
806	36.461197
807	25.859247
808	27.449417
809	35.6604
810	50.59325
811	14.940465
812	12.049986
813	14.535126
814	63.0058
815	40.21024
816	38.30296
817	38.533646
818	36.53744
819	29.123133
820	10.419568
821	16.466238
822	23.434887
823	6.6201234
824	9.229206
825	57.478718
826	51.89588
827	53.687122
828	38.187004
829	37.141914
830	29.473614
831	24.208502
832	27.055443
833	46.839836
834	55.412575
835	51.90709
836	52.584824
837	30.24755
838	33.8409
839	53.877457
840	55.38305
841	63.13311
842	28.191772
843	23.974703
844	49.971718
845	26.645208
846	33.69662
847	28.935987
848	64.822914
849	44.80686
850	24.871292
851	53.25258
852	27.661827
853	41.18567
854	48.804466
855	32.67835
856	53.74141
857	27.010012
858	61.23443
859	68.55743
860	15.62516
861	28.873375
862	42.174435
863	32.038105
864	8.331623
865	40.192528
866	61.83182
867	51.20189
868	18.4938
869	51.37789
870	27.772043
871	21.450182
872	27.598146
873	60.840714
874	9.544437
875	50.216953
876	23.08843
877	38.298767
878	32.937717
879	14.982826
880	50.70095
881	30.031479
882	41.625072
883	59.157837
884	10.855818
885	22.28254
886	31.122568
887	57.16151
888	58.369717
889	35.93554
890	30.299267
891	49.688736
892	38.544735
893	60.045345
894	8.256157
895	20.253532
896	64.15569
897	39.423615
898	33.34268
899	35.618114
900	79.18608
901	56.790348
902	55.288723
903	44.287704
904	41.733086
905	30.092567
906	58.762016
907	61.44055
908	35.82115
909	25.512493
910	33.31074
911	39.30244
912	31.910383
913	13.690306
914	28.520164
915	15.056712
916	23.24368
917	55.05855
918	25.07543
919	41.065945
920	53.20626
921	27.631424
922	9.696598
923	19.88303
924	9.682437
925	45.868652
926	40.841553
927	73.43831
928	61.85013
929	8.839172
930	29.606194
931	18.20738
932	42.748837
933	53.64797
934	13.601537
935	37.508606
936	24.128284
937	21.59587
938	11.912093
939	52.109886
940	16.301613
941	36.68713
942	8.090937
943	31.088785
944	62.083817
945	27.864489
946	16.851828
947	51.961674
948	63.950027
949	18.312817
950	65.701614
951	24.66633
952	54.178596
953	49.292793
954	53.836727
955	4.5320807
956	7.9339952
957	57.160515
958	27.77021
959	35.835213
960	42.939754
961	60.465458
962	26.776434
963	57.50905
964	8.83304
965	38.809776
966	40.17284
967	28.597183
968	25.7654
969	42.8037
970	48.048714
971	59.18312
972	41.825287
973	20.637178
974	28.815014
975	32.15642
976	21.90026
977	30.983164
978	26.013546
979	68.754456
980	7.19708
981	25.630405
982	22.941547
983	53.781292
984	42.98511
985	27.326258
986	51.325184
987	22.10297
988	15.084845
989	26.833633
990	41.79252
991	29.484522
992	56.95556
993	37.19367
994	41.932934
995	21.003956
996	33.469147
997	37.674942
998	23.91465
999	33.826027
1000	12.758368
1001	15.399634
1002	35.058483
1003	13.141296
1004	32.491577
1005	33.422577
1006	38.757687
1007	37.16623
1008	40.146057
1009	34.7148
1010	59.090115
1011	29.299322
1012	56.29401
1013	21.275059
1014	20.14515
1015	31.332493
1016	67.16127
1017	72.1744
1018	52.554848
1019	50.260426
1020	55.905735
1021	74.61951
1022	51.956787
1023	30.797886
1024	62.12958
1025	65.38064
1026	69.88707
1027	68.10153
1028	62.7835
1029	56.109425
1030	26.07079
1031	11.333477
1032	74.24752
1033	36.38276
1034	44.72993
1035	41.143127
1036	56.068596
1037	41.55904
1038	41.048977
1039	32.751038
1040	30.868244
1041	14.707331
1042	56.55262
1043	39.62008
1044	42.428932
1045	46.115303
1046	65.20412
1047	2.0849166
1048	23.232655
1049	35.34629
1050	30.020706
1051	38.980133
1052	62.345898
1053	55.82147
1054	34.576817
1055	18.284904
1056	46.395817
1057	61.40381
1058	18.918205
1059	12.568638
1060	24.375288
1061	20.558342
1062	24.358961
1063	45.594135
1064	29.822348
1065	19.706156
1066	8.180575
1067	62.96284
1068	63.399696
1069	24.61188
1070	55.345066
1071	41.724586
1072	44.877434
1073	32.6659
1074	54.916714
1075	21.056353
1076	34.87011
1077	14.070284
1078	2.8699827
1079	41.720257
1080	48.606514
1081	26.75131
1082	23.605507
1083	40.98963
1084	21.155472
1085	31.276657
1086	45.57821
1087	72.75675
1088	47.311935
1089	33.61093
1090	65.358765
1091	24.551521
1092	2.9377742
1093	46.59855
1094	28.454369
1095	56.809822
1096	46.794205
1097	55.56832
1098	21.999933
1099	39.453876
1100	29.98861
1101	36.2274
1102	29.391605
1103	45.49525
1104	31.994467
1105	9.535803
1106	15.64572
1107	19.76966
1108	17.78916
1109	48.526047
1110	74.72698
1111	53.061176
1112	29.990187
1113	36.05603
1114	56.30076
1115	37.771736
1116	32.956345
1117	30.256533
1118	79.32522
1119	35.728996
1120	26.209045
1121	47.42911
1122	44.305664
1123	14.504716
1124	40.966362
1125	35.50431
1126	20.278503
1127	36.251373
1128	29.626753
1129	46.407482
1130	38.860313
1131	32.66514
1132	41.474163
1133	50.83201
1134	9.538868
1135	36.707275
1136	56.966106
1137	28.23861
1138	31.213419
1139	41.132927
1140	11.047197
1141	20.899948
1142	37.40152
1143	29.510654
1144	29.864075
1145	18.848827
1146	22.322458
1147	26.48735
1148	30.071152
1149	20.352758
1150	47.99522
1151	55.300285
1152	35.273525
1153	67.821884
1154	23.562153
1155	19.739326
1156	23.415663
1157	17.971954
1158	13.056841
1159	56.995872
1160	37.516445
1161	49.287018
1162	15.532146
1163	54.949615
1164	59.145084
1165	30.175156
1166	40.242977
1167	45.02884
1168	26.26823
1169	67.91638
1170	47.340416
1171	59.159676
1172	39.751846
1173	39.045883
1174	36.691666
1175	31.224878
1176	30.013893
1177	45.85556
1178	50.383003
1179	41.03408
1180	42.255013
1181	29.447645
1182	32.448235
1183	47.275234
1184	36.48603
1185	62.55162
1186	51.90088
1187	30.93297
1188	28.407701
1189	31.23241
1190	12.881118
1191	31.868326
1192	38.049667
1193	26.819715
1194	34.600002
1195	17.316397
1196	5.7768025
1197	45.395363
1198	10.901159
1199	36.165924
1200	17.274174
1201	41.808914
1202	19.990929
1203	20.587847
1204	19.00187
1205	30.308147
1206	8.847363
1207	56.435547
1208	47.255154
1209	16.062494
1210	64.503265
1211	52.552486
1212	38.260674
1213	31.333014
1214	62.548744
1215	41.158978
1216	20.415836
1217	50.316025
1218	35.65963
1219	23.638
1220	19.114555
1221	30.71099
1222	61.16919
1223	71.93872
1224	57.688362
1225	17.836517
1226	26.661297
1227	65.464584
1228	54.82787
1229	28.642008
1230	16.274351
1231	26.711308
1232	39.435562
1233	68.23571
1234	27.866022
1235	36.068756
1236	28.196718
1237	20.573528
1238	42.399994
1239	37.098766
1240	39.241333
1241	57.726242
1242	41.876625
1243	48.24974
1244	47.45834
1245	58.560703
1246	34.095318
1247	76.99486
1248	29.66696
1249	8.9681015
1250	46.809685
1251	47.13408
1252	32.071766
1253	54.776318
1254	21.306568
1255	71.402054
1256	3.180838
1257	71.24233
1258	27.77232
1259	9.715627
1260	41.070324
1261	34.009533
1262	59.069504
1263	33.630245
1264	21.89358
1265	7.3427367
1266	52.52103
1267	25.16133
1268	17.723484
1269	73.9568
1270	50.6481
1271	61.857536
1272	27.863148
1273	47.19468
1274	45.218445
1275	35.69035
1276	51.43976
1277	49.83339
1278	49.337296
1279	51.04915
1280	33.41446
1281	20.932053
1282	25.372265
1283	12.921489
1284	36.62359
1285	62.364464
1286	53.87488
1287	23.051785
1288	46.55869
1289	20.729881
1290	60.534897
1291	22.027706
1292	51.73524
1293	16.866207
1294	23.663025
1295	23.894926
1296	37.279846
1297	52.154804
1298	14.489689
1299	62.528267
1300	32.97259
1301	28.917118
1302	68.64218
1303	15.21966
1304	63.66278
1305	51.043377
1306	56.973797
1307	45.23945
1308	34.96882
1309	30.803082
1310	33.573658
1311	38.348087
1312	37.549152
1313	11.008562
1314	33.370083
1315	45.893215
1316	19.849878
1317	8.813021
1318	35.190865
1319	32.76747
1320	16.945179
1321	40.91693
1322	56.47167
1323	29.571093
1324	58.16741
1325	39.954716
1326	24.768967
1327	46.20922
1328	29.392246
1329	38.793503
1330	37.948963
1331	68.53704
1332	63.702366
1333	14.448645
1334	38.91571
1335	59.952503
1336	48.32715
1337	21.220951
1338	18.952448
1339	38.286137
1340	41.479332
1341	38.511444
1342	54.198864
1343	45.22202
1344	62.071762
1345	61.842514
1346	5.5344753
1347	66.59891
1348	8.783173
1349	47.706757
1350	28.50092
1351	40.175545
1352	29.478859
1353	29.376812
1354	43.53523
1355	35.76166
1356	18.833035
1357	35.17427
1358	11.346648
1359	37.967663
1360	41.290703
1361	29.73465
1362	24.137276
1363	20.944359
1364	24.62027
1365	58.021133
1366	51.047653
1367	49.518272
1368	48.22682
1369	40.285423
1370	47.592613
1371	13.212819
1372	29.593155
1373	25.02488
1374	48.146286
1375	20.311651
1376	68.69452
1377	39.176163
1378	56.82241
1379	30.843838
1380	22.358063
1381	47.09094
1382	30.220482
1383	34.370564
1384	56.29826
1385	60.14357
1386	57.856876
1387	14.153057
1388	62.32271
1389	55.94736
1390	23.11464
1391	40.90129
1392	27.547777
1393	24.83166
1394	28.429157
1395	60.45014
1396	63.38813
1397	47.616966
1398	46.695766
1399	15.80171
1400	46.66357
1401	25.345764
1402	23.88332
1403	19.953384
1404	24.662678
1405	44.08815
1406	29.986391
1407	15.267351
1408	60.026436
1409	44.152
1410	21.347023
1411	18.223038
1412	69.08818
1413	12.988475
1414	29.622383
1415	20.413105
1416	30.254145
1417	7.5245953
1418	27.524757
1419	40.193306
1420	40.574726
1421	9.211372
1422	67.9354
1423	23.648674
1424	10.787398
1425	55.146038
1426	59.850346
1427	44.190342
1428	33.45386
1429	23.948967
1430	27.525276
1431	60.01535
1432	10.114493
1433	3.6055954
1434	45.807938
1435	20.683733
1436	22.986094
1437	32.500942
1438	44.9105
1439	59.18183
1440	42.79705
1441	7.7067842
1442	14.162016
1443	18.121939
1444	4.241704
1445	36.647053
1446	14.262963
1447	26.382917
1448	13.955709
1449	13.747806
1450	48.678814
1451	54.31196
1452	39.144104
1453	24.674679
1454	17.100546
1455	22.489962
1456	20.63767
1457	33.247528
1458	36.568516
1459	41.36834
1460	55.374947
1461	17.904362
1462	37.720963
1463	22.139359
1464	29.303745
1465	56.89094
1466	25.28762
1467	38.464367
1468	63.97797
1469	25.520813
1470	37.645233
1471	34.72081
1472	24.117807
1473	37.744747
1474	14.55507
1475	43.500664
1476	54.872833
1477	19.955091
1478	47.827812
1479	26.363766
1480	25.451344
1481	44.600956
1482	54.12257
1483	1.8417385
1484	35.804836
1485	28.284508
1486	41.445885
1487	65.97057
1488	58.18316
1489	45.906456
1490	67.18174
1491	22.510262
1492	59.378536
1493	32.77327
1494	32.09224
1495	34.095306
1496	36.279175
1497	33.005714
1498	13.943675
1499	13.643072
1500	27.077175
1501	8.879001
1502	20.358576
1503	32.162735
1504	26.287033
1505	14.687913
1506	64.259445
1507	38.378117
1508	44.79517
1509	36.491325
1510	70.33044
1511	14.495672
1512	41.17443
1513	34.464195
1514	19.540337
1515	44.44283
1516	9.779648
1517	47.78483
1518	21.642006
1519	20.393406
1520	11.396532
1521	35.541103
1522	37.671658
1523	34.098625
1524	51.08954
1525	47.730343
1526	34.35826
1527	36.77383
1528	23.635345
1529	31.04877
1530	35.518333
1531	11.093657
1532	35.944046
1533	27.182537
1534	40.061356
1535	33.055187
1536	30.200943
1537	53.621902
1538	15.6535635
1539	65.71186
1540	37.35414
1541	37.835186
1542	7.4261055
1543	22.101469
1544	25.940445
1545	33.96196
1546	6.8089957
1547	47.7834
1548	38.07395
1549	18.946756
1550	74.660835
1551	47.355766
1552	47.239296
1553	29.150494
1554	16.192177
1555	45.104202
1556	46.131428
1557	9.017267
1558	20.298225
1559	40.419754
1560	16.915983
1561	12.128915
1562	39.267212
1563	36.000233
1564	46.746532
1565	43.14767
1566	42.397594
1567	14.5462
1568	19.211956
1569	52.471123
1570	45.71737
1571	57.12799
1572	33.989586
1573	40.077168
1574	24.979082
1575	41.19755
1576	61.255234
1577	31.903437
1578	29.242466
1579	20.141487
1580	59.028923
1581	42.209606
1582	44.616447
1583	38.15589
1584	31.718632
1585	78.459305
1586	55.92233
1587	34.564278
1588	12.986438
1589	55.8019
1590	49.839706
1591	45.405815
1592	25.17611
1593	69.777214
1594	25.078117
1595	56.32237
1596	46.50948
1597	8.785408
1598	7.3752418
1599	35.306786
1600	17.591927
1601	32.71077
1602	57.8068
1603	41.596092
1604	34.169342
1605	32.62234
1606	12.799291
1607	16.062178
1608	27.88616
1609	14.65414
1610	17.203434
1611	41.90391
1612	39.12581
1613	12.328537
1614	28.772797
1615	51.679794
1616	42.31541
1617	45.755165
1618	54.29795
1619	44.719
1620	31.442535
1621	28.84507
1622	14.427122
1623	45.40008
1624	27.961359
1625	31.931679
1626	26.220036
1627	9.205639
1628	43.068
1629	39.71537
1630	48.87877
1631	35.351418
1632	61.369568
1633	66.34
1634	52.799217
1635	37.9488
1636	19.914028
1637	11.675948
1638	26.859184
1639	18.029863
1640	57.741203
1641	41.64479
1642	30.016636
1643	24.180387
1644	9.626544
1645	58.661446
1646	50.605965
1647	36.86918
1648	26.851515
1649	51.825317
1650	15.233947
1651	20.852808
1652	28.737865
1653	73.38454
1654	47.01822
1655	18.918344
1656	24.945225
1657	29.238594
1658	35.18653
1659	23.375542
1660	28.467022
1661	12.85218
1662	54.352642
1663	23.118248
1664	17.3132
1665	39.38732
1666	39.036892
1667	22.830263
1668	24.493008
1669	21.770708
1670	27.82587
1671	44.97218
1672	49.636047
1673	49.422653
1674	3.9564874
1675	14.155817
1676	37.86262
1677	15.062658
1678	22.138716
1679	8.633102
1680	6.5016365
1681	3.5942376
1682	50.99489
1683	56.92013
1684	25.258318
1685	59.128685
1686	34.104095
1687	50.019794
1688	31.102661
1689	34.77743
1690	30.102127
1691	34.78326
1692	40.656933
1693	40.30885
1694	43.4473
1695	43.72938
1696	8.223407
1697	68.95742
1698	45.481773
1699	56.585358
1700	59.022152
1701	48.484016
1702	36.934265
1703	22.892197
1704	40.896004
1705	42.608047
1706	21.935608
1707	15.681115
1708	21.75534
1709	69.160034
1710	26.170303
1711	61.945686
1712	46.820835
1713	30.544987
1714	26.652859
1715	63.98152
1716	40.246555
1717	22.82988
1718	31.909542
1719	32.30184
1720	42.536842
1721	30.523232
1722	60.57569
1723	16.8958
1724	13.019331
1725	18.793604
1726	69.18976
1727	11.04958
1728	49.632103
1729	54.46885
1730	10.333658
1731	54.35852
1732	21.710896
1733	37.49148
1734	37.795628
1735	30.167662
1736	39.755104
1737	32.133858
1738	15.737022
1739	17.914795
1740	53.84194
1741	34.85862
1742	23.590557
1743	21.682209
1744	59.65161
1745	43.6634
1746	6.7319827
1747	46.632114
1748	67.34372
1749	51.267708
1750	29.134693
1751	16.251446
1752	40.072525
1753	36.437927
1754	71.019104
1755	41.338696
1756	73.5191
1757	39.684883
1758	13.783152
1759	66.2054
1760	38.705765
1761	17.482622
1762	27.834244
1763	18.644014
1764	12.246763
1765	18.024061
1766	41.959534
1767	48.06519
1768	52.903584
1769	56.338284
1770	18.233185
1771	39.773964
1772	38.715473
1773	36.958458
1774	25.513681
1775	69.18469
1776	30.826912
1777	11.226644
1778	59.322514
1779	15.200652
1780	13.46733
1781	15.507379
1782	25.1777
1783	9.673086
1784	21.948318
1785	11.781746
1786	51.121918
1787	51.559753
1788	45.521095
1789	37.08586
1790	49.108837
1791	44.56703
1792	33.937843
1793	27.194143
1794	27.08603
1795	7.2224884
1796	20.807234
1797	20.735329
1798	30.763187
1799	56.2323
1800	17.42746
1801	39.69194
1802	16.996899
1803	26.964348
1804	34.763245
1805	17.046791
1806	58.920265
1807	19.257719
1808	18.738937
1809	45.73083
1810	61.469
1811	34.578274
1812	53.532143
1813	7.0011787
1814	1.2246165
1815	36.83773
1816	66.522865
1817	19.073174
1818	42.737984
1819	36.956707
1820	30.806446
1821	40.83673
1822	30.715416
1823	58.662064
1824	52.521774
1825	41.182476
1826	17.635136
1827	4.217999
1828	23.495857
1829	25.952301
1830	43.49018
1831	9.041393
1832	28.905418
1833	45.414852
1834	10.939079
1835	25.982721
1836	28.236898
1837	18.04714
1838	49.145424
1839	70.05371
1840	37.82599
1841	16.40357
1842	44.775833
1843	42.740597
1844	20.394638
1845	8.98909
1846	45.11003
1847	31.509007
1848	39.83338
1849	39.807003
1850	40.529358
1851	20.155056
1852	29.23668
1853	34.85932
1854	12.013979
1855	48.22212
1856	38.13421
1857	55.70358
1858	19.732723
1859	9.375123
1860	22.95041
1861	21.847057
1862	16.86903
1863	6.7707195
1864	43.093304
1865	46.86432
1866	32.920967
1867	9.506306
1868	14.985564
1869	32.049347
1870	38.078247
1871	26.00735
1872	5.1975727
1873	6.76656
1874	40.954712
1875	51.923653
1876	62.554928
1877	11.10847
1878	28.682384
1879	40.220413
1880	7.6496754
1881	47.745766
1882	53.979843
1883	40.9043
1884	23.649443
1885	51.42154
1886	62.907166
1887	38.50414
1888	44.900955
1889	20.425602
1890	66.61698
1891	27.598812
1892	2.1423924
1893	35.00275
1894	38.53731
1895	30.229305
1896	57.124878
1897	38.06446
1898	25.78162
1899	53.416607
1900	16.833866
1901	11.553194
1902	40.43933
1903	8.00527
1904	64.85653
1905	38.655106
1906	44.480827
1907	15.373538
1908	26.023254
1909	54.53122
1910	36.679054
1911	13.989262
1912	25.328892
1913	46.575863
1914	16.944706
1915	49.852726
1916	14.723316
1917	26.017813
1918	57.335087
1919	30.017036
1920	3.8717952
1921	7.0232444
1922	65.288956
1923	39.776924
1924	23.598581
1925	41.86898
1926	58.779606
1927	44.881752
1928	38.333706
1929	55.3906
1930	75.62569
1931	42.164055
1932	30.608095
1933	34.486732
1934	50.24095
1935	9.364892
1936	25.878296
1937	38.460735
1938	41.104233
1939	14.937171
1940	35.962025
1941	15.772863
1942	31.755463
1943	46.543232
1944	18.10093
1945	19.434923
1946	10.877196
1947	26.147873
1948	61.20749
1949	47.46265
1950	20.262201
1951	58.45282
1952	55.880844
1953	44.8881
1954	45.591965
1955	57.322834
1956	23.413605
1957	36.01139
1958	72.163055
1959	40.54177
1960	23.743774
1961	21.002996
1962	11.349416
1963	44.002434
1964	26.117981
1965	37.767548
1966	50.341766
1967	18.651896
1968	13.185251
1969	54.71631
1970	59.36985
1971	31.987007
1972	66.09532
1973	9.890959
1974	42.491035
1975	19.517088
1976	51.16382
1977	31.750526
1978	42.93231
1979	21.97542
1980	33.611523
1981	23.94027
1982	55.734493
1983	23.568245
1984	57.97077
1985	9.788078
1986	50.031116
1987	26.632086
1988	19.464375
1989	29.860996
1990	14.111696
1991	45.50892
1992	30.631018
1993	41.09527
1994	18.507149
1995	22.424776
1996	31.6207
1997	18.657375
1998	15.819511
1999	43.91584
2000	49.647045
2001	45.53494
2002	60.343292
2003	71.22348
2004	29.015154
2005	73.76009
2006	51.40669
2007	12.194595
2008	36.18611
2009	24.622366
2010	20.21929
2011	66.786156
2012	19.477839
2013	13.943904
2014	23.222015
2015	23.99353
2016	47.016632
2017	36.177315
2018	50.646023
2019	16.933529
2020	37.164627
2021	4.718321
2022	49.72956
2023	29.145853
2024	46.543453
2025	46.317955
2026	8.884458
2027	24.988083
2028	18.098577
2029	37.227806
2030	24.57806
2031	32.537483
2032	54.910988
2033	37.341537
2034	20.897812
2035	38.79387
2036	13.03384
2037	25.718525
2038	36.65448
2039	22.810547
2040	66.66739
2041	69.320786
2042	37.213337
2043	31.211369
2044	62.751053
2045	46.409946
2046	17.104048
2047	41.87675
2048	22.770506
2049	23.515755
2050	16.820639
2051	62.110023
2052	19.979424
2053	26.859539
2054	42.01607
2055	32.748344
2056	9.33499
2057	28.866226
2058	39.686478
2059	21.958656
2060	14.188755
2061	22.877054
2062	48.37646
2063	23.249979
2064	21.76413
2065	75.59422
2066	9.436588
2067	22.233227
2068	49.45173
2069	16.788727
2070	36.364414
2071	26.659866
2072	53.953865
2073	15.802621
2074	49.260223
2075	44.270603
2076	5.3093886
2077	64.376976
2078	71.4288
2079	22.985413
2080	17.83015
2081	55.336746
2082	35.158432
2083	57.966076
2084	39.98036
2085	36.66385
2086	41.363705
2087	32.596222
2088	31.811605
2089	24.417355
2090	34.78299
2091	31.525581
2092	55.793633
2093	34.48278
2094	49.97154
2095	21.279537
2096	27.207191
2097	55.971928
2098	7.500226
2099	24.452805
2100	29.963196
2101	20.793648
2102	44.117813
2103	47.512802
2104	51.19484
2105	55.30714
2106	64.6715
2107	17.461632
2108	14.580673
2109	15.603663
2110	35.12964
2111	22.964073
2112	37.158836
2113	20.69916
2114	22.253674
2115	50.416824
2116	38.9224
2117	65.16493
2118	51.93162
2119	36.54418
2120	24.785963
2121	69.31883
2122	22.17446
2123	4.8594456
2124	62.292084
2125	40.962864
2126	8.280792
2127	58.055527
2128	23.620445
2129	20.497135
2130	48.13582
2131	36.662674
2132	59.371933
2133	32.691666
2134	28.42582
2135	22.254555
2136	59.90883
2137	38.397026
2138	2.5494149
2139	33.483887
2140	50.03245
2141	29.475304
2142	41.00685
2143	33.22893
2144	12.779415
2145	40.232452
2146	45.04858
2147	35.132088
2148	28.117817
2149	38.633396
2150	44.364334
2151	27.811802
2152	54.48062
2153	45.700504
2154	13.021433
2155	41.859547
2156	33.825058
2157	40.540806
2158	20.441616
2159	40.089897
2160	31.276665
2161	41.790848
2162	40.173317
2163	12.764491
2164	9.676923
2165	59.58103
2166	17.281277
2167	47.005295
2168	60.278
2169	20.480085
2170	25.094076
2171	7.744257
2172	20.088549
2173	51.193306
2174	60.11522
2175	35.051014
2176	16.74418
2177	20.131641
2178	49.87094
2179	23.93325
2180	54.527863
2181	25.0135
2182	51.048504
2183	48.06029
2184	37.321472
2185	19.780548
2186	28.706295
2187	35.691364
2188	14.269733
2189	44.108696
2190	17.336943
2191	36.089653
2192	54.461697
2193	11.763248
2194	20.404688
2195	39.0379
2196	37.98709
2197	41.09691
2198	24.386951
2199	28.686325
2200	13.12516
2201	20.235474
2202	23.297817
2203	47.423065
2204	15.767166
2205	12.451017
2206	48.53401
2207	24.229412
2208	70.03794
2209	35.324287
2210	61.905174
2211	42.41863
2212	57.62545
2213	19.735718
2214	32.6068
2215	41.382076
2216	36.22198
2217	31.76632
2218	37.54574
2219	38.140522
2220	25.110125
2221	33.688187
2222	26.854446
2223	26.679825
2224	7.830848
2225	43.78734
2226	37.942047
2227	29.637753
2228	19.734587
2229	18.286873
2230	46.613285
2231	52.17916
2232	28.553593
2233	9.4700985
2234	67.544235
2235	39.4452
2236	38.367413
2237	22.713161
2238	41.314335
2239	27.7515
2240	19.957489
2241	30.031502
2242	9.874464
2243	20.847744
2244	32.783035
2245	39.128532
2246	22.199379
2247	51.24612
2248	37.092064
2249	13.164091
2250	28.172554
2251	57.97682
2252	69.861404
2253	36.937187
2254	60.196507
2255	35.53846
2256	45.614582
2257	32.524338
2258	46.237167
2259	42.28241
2260	56.00299
2261	12.912342
2262	6.94981
2263	20.345934
2264	38.15964
2265	43.23226
2266	57.342125
2267	63.886898
2268	46.741936
2269	37.440247
2270	65.016914
2271	24.405962
2272	12.94457
2273	31.226324
2274	43.27561
2275	28.93736
2276	63.763977
2277	41.932526
2278	47.363903
2279	16.889616
2280	4.7954283
2281	36.2615
2282	12.140663
2283	31.317387
2284	39.84415
2285	36.556915
2286	39.451515
2287	21.729252
2288	39.48341
2289	14.774522
2290	46.47177
2291	72.51316
2292	25.030739
2293	58.875954
2294	22.350304
2295	35.163242
2296	45.43492
2297	24.271276
2298	15.524661
2299	15.400036
2300	20.28613
2301	33.418686
2302	47.695282
2303	54.34526
