0	10.733177
1	11.659007
2	12.89152
3	13.9073105
4	14.700681
5	15.567526
6	15.883326
7	17.785404
8	17.817509
9	19.271555
10	20.37338
11	20.40538
12	22.024761
13	22.547213
14	23.868645
15	24.495953
16	25.249762
17	26.317926
18	27.97807
19	29.177345
20	30.609266
21	31.394169
22	32.904625
23	33.58968
24	35.146748
25	36.827946
26	37.137012
27	38.841633
28	40.54458
29	41.577576
30	42.34067
31	42.890556
32	43.53978
33	45.011135
34	46.45947
35	48.32698
36	48.34206
37	50.090042
38	50.300568
39	51.074028
40	51.523968
41	53.221336
42	53.991947
43	54.176758
44	55.7447
45	57.06656
46	57.076855
47	57.438026
48	58.836937
49	59.323215
50	60.11121
51	60.6902
52	62.401596
53	62.942245
54	64.11693
55	65.82031
56	67.16803
57	67.44787
58	67.48833
59	68.92918
60	70.78468
61	71.401215
62	73.320885
63	74.00921
64	75.938324
65	76.240814
66	76.987656
67	77.167595
68	78.306404
69	80.03464
70	80.920296
71	81.55141
72	83.53826
73	84.93053
74	86.84266
75	87.82802
76	89.79652
77	90.61
78	92.44933
79	94.34667
80	94.56959
81	96.0174
82	97.466995
83	99.45452
84	99.90813
85	100.1243
86	101.1189
87	101.40623
88	103.0465
89	104.22925
90	106.18421
91	107.50264
92	108.094444
93	108.76833
94	108.870155
95	107.884026
96	107.62729
97	106.48664
98	106.02027
99	105.23102
100	105.21634
101	103.55155
102	101.64491
103	101.31425
104	100.00541
105	98.55804
106	97.372986
107	96.03037
108	96.02668
109	94.59972
110	93.53878
111	92.103645
112	90.37489
113	90.34317
114	88.88387
115	88.5997
116	88.071106
117	87.09894
118	85.21478
119	83.87289
120	82.30638
121	82.2462
122	80.95616
123	79.657936
124	78.08838
125	77.92961
126	76.92563
127	76.2268
128	74.447716
129	73.648254
130	71.65947
131	69.7951
132	67.86809
133	67.74603
134	67.68985
135	66.63359
136	65.10674
137	64.086395
138	62.48211
139	61.319794
140	59.70717
141	58.353584
142	57.136715
143	56.60722
144	55.31445
145	54.88707
146	54.28945
147	52.299892
148	51.420395
149	49.569923
150	48.37499
151	46.752567
152	45.798565
153	44.513096
154	43.503784
155	41.65794
156	41.153805
157	40.918842
158	39.075172
159	37.788322
160	37.649616
161	36.158558
162	35.399925
163	33.548542
164	32.49762
165	30.76507
166	28.97717
167	27.377195
168	25.460978
169	24.565224
170	23.856443
171	23.565035
172	21.918837
173	21.476986
174	20.56038
175	20.070442
176	18.392406
177	16.48767
178	15.664924
179	15.225284
180	13.907355
181	13.776251
182	11.979936
183	10.60795
184	9.590502
185	9.05396
186	8.536991
187	8.04366
188	7.3949738
189	6.523285
190	5.718242
191	4.1510525
192	3.1764355
193	1.7464806
194	1.5330265
195	1.0714204
196	1.0586553
197	1.4534594
198	0.88985896
199	38.235573
200	37.75237
201	36.78034
202	35.967262
203	35.18527
204	34.09929
205	33.45898
206	31.903946
207	31.119347
208	29.70203
209	29.26631
210	27.360199
211	26.811993
212	24.854063
213	24.175291
214	23.047575
215	21.213697
216	20.411102
217	19.842752
218	18.66998
219	17.060171
220	15.678342
221	15.183902
222	14.380453
223	12.932401
224	11.4213505
225	9.777762
226	7.953446
227	6.2739816
228	4.6840973
229	3.402418
230	2.3281958
231	1.9717875
232	0.28097707
233	25.783075
234	25.632254
235	24.930809
236	23.995394
237	23.32904
238	22.68505
239	21.656178
240	21.38975
241	20.380432
242	18.566683
243	17.713453
244	17.50232
245	17.242174
246	16.0278
247	15.6578045
248	13.800036
249	12.1010895
250	11.198045
251	10.396423
252	9.597516
253	8.633021
254	6.70933
255	5.5024934
256	5.426059
257	3.7821412
258	3.3786337
259	4.4734864
260	4.6958437
261	5.476393
262	6.5711412
263	7.1551714
264	8.412306
265	9.122294
266	10.04795
267	11.065822
268	13.006158
269	13.7147
270	15.450236
271	15.497579
272	16.226482
273	17.205835
274	17.57395
275	17.579525
276	18.018847
277	18.519947
278	19.551683
279	21.30973
280	21.860052
281	22.357105
282	22.549322
283	22.71703
284	22.84956
285	24.346647
286	24.797857
287	26.072773
288	26.938042
289	28.270472
290	29.780403
291	30.309097
292	30.744349
293	32.726826
294	33.911224
295	34.24281
296	36.086174
297	37.831314
298	38.206444
299	40.002117
300	40.371433
301	41.94067
302	43.345005
303	44.338516
304	45.726048
305	45.83734
306	46.71721
307	48.657722
308	49.644802
309	51.593655
310	53.554466
311	53.926445
312	54.792103
313	54.824512
314	55.81894
315	57.38029
316	59.174206
317	59.76681
318	61.329613
319	62.70877
320	63.023785
321	64.21954
322	65.28114
323	67.04671
324	67.641075
325	69.36452
326	70.209526
327	71.875404
328	73.5761
329	74.99397
330	76.23074
331	77.34717
332	79.202354
333	79.55495
334	81.0734
335	81.812355
336	82.062965
337	82.85718
338	83.67967
339	84.235405
340	84.73039
341	86.45605
342	86.98223
343	88.40786
344	90.26343
345	92.04326
346	93.003334
347	94.568634
348	95.90271
349	95.96602
350	97.343445
351	97.34925
352	97.701775
353	97.82855
354	98.87085
355	100.63393
356	102.00173
357	103.604744
358	104.66753
359	104.99123
360	105.277466
361	106.45026
362	107.340126
363	108.63712
364	109.93217
365	110.87843
366	111.77756
367	112.26074
368	113.930046
369	114.73292
370	115.92815
371	117.544914
372	119.307495
373	121.23464
374	121.8864
375	121.97666
376	123.364685
377	124.2962
378	125.93219
379	126.816345
380	127.84424
381	129.78705
382	131.13287
383	131.88228
384	133.15302
385	133.36946
386	134.90468
387	136.82996
388	138.41612
389	138.65912
390	138.66762
391	140.35233
392	142.33218
393	143.83632
394	145.75798
395	147.58606
396	147.86673
397	149.7235
398	149.74367
399	150.47862
400	151.39784
401	153.05244
402	153.22552
403	154.80853
404	154.8658
405	155.58252
406	157.14507
407	158.48862
408	159.4159
409	160.66841
410	162.55678
411	162.71982
412	162.96146
413	163.81358
414	164.76021
415	166.50023
416	168.031
417	168.68312
418	169.62526
419	169.93196
420	170.20157
421	170.98694
422	172.04414
423	172.71596
424	174.30069
425	175.47835
426	175.65373
427	175.85733
428	175.90028
429	176.78983
430	177.12962
431	178.19464
432	178.19856
433	179.4134
434	179.45087
435	180.88869
436	181.4576
437	182.67944
438	184.51193
439	186.47441
440	186.85127
441	187.12364
442	187.41983
443	188.6272
444	189.30595
445	189.92438
446	190.70062
447	192.03128
448	192.03987
449	193.82559
450	195.66635
451	197.13835
452	198.04146
453	198.86714
454	198.97481
455	199.70651
456	200.25613
457	200.37341
458	201.78813
459	203.59354
460	205.31976
461	206.66702
462	207.92088
463	208.89856
464	209.1684
465	210.30754
466	211.38347
467	212.32388
468	213.12868
469	214.17952
470	215.684
471	216.29352
472	217.85391
473	219.05458
474	220.47975
475	220.91444
476	221.91035
477	223.59503
478	224.46358
479	225.4877
480	226.6651
481	227.44084
482	227.72878
483	227.96252
484	228.55273
485	230.46535
486	230.57892
487	231.01096
488	231.40176
489	232.26993
490	232.89877
491	234.2025
492	235.1246
493	235.26404
494	236.47707
495	237.55504
496	239.07834
497	239.93593
498	238.51949
499	237.04762
500	236.33975
501	236.3331
502	236.11089
503	236.00008
504	235.55086
505	234.85458
506	232.89217
507	231.56204
508	230.49918
509	228.81541
510	227.22714
511	225.37411
512	224.06293
513	223.33447
514	222.89316
515	221.58498
516	220.20406
517	219.05019
518	218.75107
519	217.62732
520	217.07144
521	216.14796
522	214.60777
523	212.96921
524	212.96918
525	211.3792
526	211.06741
527	209.0746
528	208.07214
529	207.67378
530	206.33864
531	204.70341
532	204.46846
533	203.6049
534	202.38907
535	201.95003
536	200.50703
537	200.37434
538	199.50279
539	199.49263
540	197.65472
541	196.00244
542	194.09117
543	192.4309
544	190.76701
545	190.39397
546	189.6168
547	187.79834
548	187.67772
549	186.58963
550	184.85924
551	184.77861
552	183.12419
553	182.1357
554	180.97888
555	180.332
556	178.74443
557	177.61049
558	176.42311
559	175.85028
560	174.7123
561	174.43857
562	174.16516
563	174.10382
564	173.01596
565	172.69862
566	172.5729
567	171.62549
568	170.93312
569	170.71426
570	169.23886
571	168.61578
572	168.35641
573	168.09695
574	166.56606
575	164.96324
576	164.4901
577	163.31937
578	161.94707
579	160.16618
580	159.48976
581	158.70412
582	158.18817
583	156.78575
584	156.096
585	155.56721
586	153.96613
587	153.63423
588	153.25117
589	152.69263
590	151.24522
591	150.62947
592	150.02199
593	149.33679
594	147.82
595	146.18044
596	145.54303
597	145.30194
598	143.55043
599	142.02211
600	140.74258
601	140.43726
602	139.84148
603	139.14717
604	138.8962
605	137.07678
606	135.3793
607	133.94312
608	132.93939
609	132.08575
610	130.64386
611	130.12323
612	129.02351
613	127.58823
614	127.3597
615	125.4428
616	124.05693
617	122.4079
618	121.29834
619	121.08087
620	120.59307
621	119.44626
622	119.2062
623	117.43988
624	116.90475
625	115.15018
626	114.60282
627	114.47287
628	113.63422
629	112.79996
630	111.349075
631	110.87001
632	110.33472
633	109.11711
634	107.44353
635	106.32912
636	106.09644
637	105.60007
638	104.970665
639	104.23418
640	102.64549
641	101.676025
642	101.16641
643	100.93959
644	100.68562
645	99.97117
646	98.01372
647	96.19728
648	94.658325
649	93.11644
650	92.7621
651	92.51031
652	90.68084
653	89.14857
654	87.99994
655	86.27197
656	85.314476
657	85.11047
658	84.315384
659	83.30181
660	81.81911
661	80.57665
662	79.48119
663	77.71936
664	76.880264
665	76.46642
666	76.051735
667	75.40376
668	74.41762
669	72.636505
670	70.974266
671	69.94369
672	69.262115
673	67.50416
674	67.14716
675	66.09062
676	66.02002
677	64.27689
678	63.360703
679	61.409782
680	60.335068
681	58.834568
682	58.584625
683	57.421112
684	56.634846
685	55.348953
686	53.79723
687	52.77414
688	52.301964
689	51.06035
690	50.074146
691	49.970863
692	48.016388
693	46.838318
694	45.77181
695	44.873817
696	43.907326
697	43.80733
698	42.14977
699	41.44501
700	39.65456
701	39.45654
702	39.355457
703	38.20995
704	37.261723
705	36.746864
706	35.709538
707	35.24451
708	33.641712
709	32.533424
710	32.412876
711	32.0507
712	30.8916
713	29.619797
714	28.354664
715	27.322605
716	27.060745
717	25.824009
718	24.739529
719	24.369444
720	23.276789
721	21.508633
722	19.63382
723	18.171751
724	17.344309
725	17.164278
726	16.546427
727	15.947307
728	14.500574
729	13.967115
730	12.661275
731	11.144122
732	9.417489
733	9.272459
734	7.821063
735	6.7294426
736	5.024667
737	4.6734257
738	3.3142014
739	1.390729
740	1.1248304
741	23.05139
742	21.335009
743	20.349524
744	19.61484
745	17.936436
746	16.256824
747	15.363052
748	14.853895
749	14.59925
750	14.001517
751	13.272889
752	11.433164
753	11.220572
754	9.79712
755	8.526017
756	7.6240873
757	7.3680787
758	5.891685
759	3.958558
760	3.8267002
761	2.994378
762	1.9936496
763	1.5756751
764	0.32568306
765	0.07897268
766	11.029668
767	9.994922
768	8.223971
769	7.1643095
770	6.101565
771	4.8860216
772	4.363195
773	2.7991347
774	1.0209553
775	0.33969426
776	27.604921
777	26.076044
778	25.082788
779	24.18019
780	23.55607
781	22.119894
782	20.33296
783	19.59686
784	18.472204
785	18.169903
786	18.002836
787	16.27446
788	15.619556
789	13.86341
790	13.851691
791	13.55616
792	13.0977955
793	11.784688
794	10.7510395
795	9.198757
796	7.4542623
797	5.9941998
798	4.9598565
799	4.428136
800	2.5998456
801	1.922852
802	0.27846232
803	1.283943
804	7.0922346
805	6.628927
806	5.017859
807	3.713292
808	2.424972
809	1.5183139
810	1.0402648
811	17.060799
812	15.612844
813	14.46352
814	12.603099
815	12.501772
816	12.119786
817	10.764664
818	10.040042
819	8.386376
820	8.264591
821	6.7742777
822	6.6615987
823	6.387148
824	5.103233
825	3.4606962
826	2.873826
827	1.6440052
828	1.5472779
829	29.401985
830	28.566502
831	28.174892
832	27.359777
833	27.051304
834	25.681353
835	24.331123
836	23.448729
837	21.518282
838	21.235376
839	20.95611
840	19.24877
841	18.464272
842	16.94228
843	16.011505
844	14.316203
845	13.010435
846	12.289041
847	10.3495
848	9.01975
849	7.815257
850	7.6546016
851	6.006033
852	5.382471
853	4.3369656
854	3.8137832
855	2.0464401
856	2.0093818
857	1.9859946
858	1.3644605
859	13.911674
860	13.423144
861	12.128429
862	11.561786
863	10.503008
864	8.955507
865	8.7290745
866	8.026741
867	6.6450405
868	4.8398037
869	4.713479
870	4.231341
871	2.4927125
872	2.2918124
873	0.71433467
874	24.843454
875	23.663795
876	23.231583
877	22.822454
878	22.706604
879	22.29451
880	20.58156
881	18.74448
882	16.746883
883	15.350424
884	13.373523
885	12.903242
886	11.774423
887	11.251864
888	10.889718
889	10.270282
890	9.87221
891	9.18395
892	7.2418203
893	5.336475
894	5.1342688
895	3.6116736
896	2.197965
897	0.67849934
898	0.58163154
899	18.688225
900	17.481607
901	16.757132
902	15.741143
903	14.765001
904	13.261293
905	12.924873
906	11.740347
907	11.104915
908	9.522339
909	8.148635
910	6.232735
911	5.0950975
912	4.509458
913	4.2050753
914	3.0515933
915	1.8439249
916	1.756351
917	1.3167872
918	0.92292523
919	0.7969772
920	0.05552882
921	39.300877
922	38.046135
923	37.873314
924	36.29937
925	35.707714
926	34.913284
927	33.4394
928	32.18848
929	31.271563
930	30.949028
931	29.299278
932	28.72094
933	27.361706
934	26.38283
935	25.035042
936	23.577358
937	22.77725
938	22.56586
939	22.417747
940	21.975409
941	21.609602
942	19.779274
943	18.91641
944	17.986717
945	16.583906
946	15.757344
947	14.12002
948	12.976717
949	12.003746
950	10.203894
951	9.0197935
952	7.665348
953	6.5341787
954	6.20303
955	4.3269815
956	2.983787
957	1.7784182
958	1.532081
959	0.5888853
960	23.036785
961	22.412188
962	22.3027
963	21.006664
964	20.642908
965	20.632246
966	20.602028
967	20.033968
968	19.216856
969	18.414055
970	16.866964
971	15.414341
972	13.48631
973	12.247057
974	10.487596
975	9.841749
976	9.712927
977	7.9811163
978	7.0744605
979	6.567312
980	5.604818
981	3.878461
982	2.3966923
983	0.5459921
984	41.06141
985	40.987843
986	39.456936
987	37.59127
988	35.91705
989	34.388027
990	32.737347
991	31.67237
992	30.763166
993	30.335493
994	28.777655
995	27.690525
996	26.120914
997	24.488613
998	23.030888
999	21.085482
1000	19.601143
1001	18.466532
1002	18.33512
1003	18.089169
1004	16.323513
1005	15.423025
1006	14.230994
1007	12.636174
1008	10.942614
1009	10.242172
1010	9.898376
1011	9.397309
1012	8.837822
1013	7.5579042
1014	7.253869
1015	6.316791
1016	4.4274616
1017	4.058903
1018	2.7096548
1019	1.2851655
1020	0.45600486
1021	0.15887292
1022	0.83794826
1023	6.7179074
1024	6.4412203
1025	5.408266
1026	4.461879
1027	2.671723
1028	1.3350415
1029	0.22495775
1030	13.770555
1031	13.194595
1032	11.25498
1033	11.099766
1034	10.727587
1035	9.176575
1036	8.957707
1037	7.187761
1038	5.93225
1039	5.256194
1040	3.548981
1041	3.4677756
1042	1.6910206
1043	24.430553
1044	23.57504
1045	22.550316
1046	22.44889
1047	20.457012
1048	19.650328
1049	18.425333
1050	17.987026
1051	16.969376
1052	15.736845
1053	15.60282
1054	14.182136
1055	12.903687
1056	11.014199
1057	10.092613
1058	8.81325
1059	7.8252616
1060	5.947431
1061	5.9384413
1062	4.1189046
1063	3.0280693
1064	3.011024
1065	2.9571793
1066	1.5205595
1067	0.4803845
1068	52.215054
1069	50.40493
1070	50.00764
1071	49.05109
1072	47.540894
1073	47.31658
1074	45.694633
1075	43.765293
1076	42.955814
1077	42.896816
1078	40.990845
1079	39.17366
1080	37.397785
1081	37.132725
1082	35.527176
1083	33.634434
1084	32.399014
1085	31.913597
1086	30.87133
1087	30.305248
1088	28.986984
1089	27.835382
1090	27.047712
1091	26.792368
1092	26.576845
1093	24.798399
1094	24.37693
1095	22.392513
1096	21.488518
1097	21.44553
1098	20.188791
1099	19.072857
1100	18.840403
1101	18.181004
1102	16.8236
1103	16.707361
1104	16.549656
1105	15.937057
1106	15.80672
1107	13.944581
1108	13.506439
1109	11.517527
1110	10.661021
1111	8.92333
1112	7.1862354
1113	5.7432547
1114	5.010742
1115	4.37832
1116	2.5205698
1117	2.2546747
1118	0.9286536
1119	21.54521
1120	20.95772
1121	19.529434
1122	17.707859
1123	16.023682
1124	14.417658
1125	14.157716
1126	13.580808
1127	11.936707
1128	10.9347515
1129	10.172919
1130	9.277731
1131	9.240155
1132	8.694673
1133	7.2298174
1134	6.68701
1135	5.585867
1136	4.9863577
1137	4.428094
1138	3.5158935
1139	1.7553188
1140	0.61817765
1141	0.32343918
1142	14.271437
1143	13.007577
1144	11.069911
1145	9.357087
1146	8.961512
1147	7.63024
1148	6.5986586
1149	6.299514
1150	4.8174186
1151	3.940847
1152	2.5647945
1153	2.52525
1154	2.2234259
1155	1.7579436
1156	1.457542
1157	1.2875183
1158	1.1596
1159	0.8354659
1160	0.6497885
1161	0.5240262
1162	0.35869423
1163	0.026261788
1164	17.623854
1165	16.668354
1166	15.051278
1167	14.805335
1168	14.708433
1169	13.556686
1170	12.401507
1171	10.443649
1172	9.251398
1173	8.930578
1174	8.872953
1175	8.189686
1176	7.976973
1177	6.817469
1178	6.6250157
1179	4.744707
1180	4.476211
1181	3.4068491
1182	2.745186
1183	1.635853
1184	0.28918642
1185	57.687157
1186	55.870396
1187	54.718502
1188	52.752735
1189	50.756943
1190	49.511806
1191	49.392376
1192	48.172745
1193	48.14174
1194	47.927402
1195	47.158295
1196	46.020973
1197	45.451473
1198	43.557384
1199	42.85958
1200	41.20307
1201	40.775238
1202	40.374504
1203	39.539867
1204	39.28877
1205	37.85204
1206	36.04059
1207	35.320026
1208	33.875275
1209	32.144012
1210	32.092186
1211	30.792767
1212	30.753191
1213	30.014608
1214	28.356762
1215	27.157724
1216	25.571203
1217	24.50088
1218	23.005392
1219	22.786058
1220	22.517591
1221	21.18998
1222	19.461967
1223	18.854362
1224	17.717775
1225	15.965358
1226	15.312161
1227	14.622672
1228	14.087625
1229	12.377883
1230	11.888179
1231	11.350825
1232	9.782162
1233	9.621261
1234	7.8473988
1235	6.2512326
1236	5.638575
1237	4.0495915
1238	3.3144734
1239	1.7642999
1240	1.6310982
1241	1.3677831
1242	0.51726925
1243	0.31528887
1244	7.2693276
1245	5.539576
1246	4.028444
1247	2.6683118
1248	2.4517775
1249	1.7847204
1250	1.5341884
1251	1.4874576
1252	3.213261
1253	2.7576122
1254	2.0985286
1255	1.9234949
1256	0.123595454
1257	18.629795
1258	17.358282
1259	15.497615
1260	13.902681
1261	12.4257345
1262	11.929045
1263	11.017212
1264	10.660444
1265	9.053098
1266	8.691902
1267	6.933388
1268	5.883338
1269	3.9373066
1270	2.8601558
1271	2.5174098
1272	1.6898388
1273	13.836397
1274	13.793832
1275	13.323546
1276	11.953592
1277	11.640592
1278	10.096679
1279	9.881756
1280	8.517231
1281	6.6321144
1282	5.054095
1283	4.182848
1284	4.103813
1285	2.9979365
1286	2.8050332
1287	1.1393279
1288	30.468418
1289	29.863619
1290	28.217531
1291	27.59836
1292	26.36063
1293	24.362484
1294	23.541624
1295	22.080093
1296	20.92337
1297	19.854164
1298	19.258842
1299	17.990116
1300	17.458353
1301	16.078333
1302	14.300082
1303	12.37064
1304	10.662096
1305	9.676127
1306	7.973933
1307	7.764076
1308	7.2383823
1309	6.6329007
1310	6.1766024
1311	4.9582176
1312	3.1943672
1313	2.7240865
1314	1.9632734
1315	1.1777111
1316	23.42686
1317	21.78081
1318	20.766174
1319	20.250776
1320	19.397728
1321	18.997618
1322	18.09433
1323	17.398624
1324	16.976112
1325	16.646482
1326	14.680792
1327	12.688898
1328	11.7460785
1329	10.785011
1330	9.30844
1331	7.8955383
1332	6.8685846
1333	6.505299
1334	5.723759
1335	4.998866
1336	4.460909
1337	3.0000322
1338	1.9986764
1339	0.07385285
1340	24.951044
1341	24.690311
1342	23.746845
1343	22.390842
1344	22.256138
1345	21.0095
1346	19.837957
1347	18.731426
1348	18.593317
1349	16.827715
1350	15.249239
1351	14.8054285
1352	13.655552
1353	11.765655
1354	10.592084
1355	8.926884
1356	8.91484
1357	8.033352
1358	6.3596497
1359	6.20631
1360	4.302607
1361	3.9228034
1362	2.9849377
1363	1.6760254
1364	0.8620532
1365	0.55548376
1366	4.9325624
1367	4.514586
1368	2.8606482
1369	2.8551402
1370	1.6119022
1371	0.9758848
1372	0.104046986
1373	39.897625
1374	38.070953
1375	36.590588
1376	34.644447
1377	32.949574
1378	31.258295
1379	30.459223
1380	29.523159
1381	28.61917
1382	27.938156
1383	27.678677
1384	26.345129
1385	25.589869
1386	24.448204
1387	24.257113
1388	23.467134
1389	22.654253
1390	21.220484
1391	19.822079
1392	19.813478
1393	19.256487
1394	17.25821
1395	15.981178
1396	14.457633
1397	14.387708
1398	13.1468935
1399	11.307744
1400	10.517067
1401	9.586871
1402	9.035714
1403	8.993895
1404	8.694565
1405	8.341937
1406	7.268411
1407	5.4191766
1408	4.684943
1409	4.259021
1410	3.1342392
1411	2.9296124
1412	1.5236751
1413	0.9937934
1414	32.998295
1415	32.778954
1416	31.331532
1417	29.694012
1418	28.865417
1419	28.194796
1420	26.676477
1421	24.989191
1422	24.877913
1423	23.620338
1424	21.735237
1425	20.670649
1426	18.828022
1427	18.233116
1428	16.497782
1429	15.212147
1430	13.387157
1431	12.2883415
1432	11.216871
1433	10.481213
1434	9.3050995
1435	8.383216
1436	6.831104
1437	6.2011886
1438	4.2196503
1439	3.8199942
1440	2.310174
1441	1.837506
1442	13.956075
1443	12.3023815
1444	11.344041
1445	9.748262
1446	9.579706
1447	9.526731
1448	9.249413
1449	7.840821
1450	6.1706185
1451	5.6514587
1452	5.262171
1453	3.6154795
1454	2.2595727
1455	2.08506
1456	0.4640844
1457	59.90854
1458	58.529736
1459	57.084324
1460	56.04193
1461	54.78851
1462	54.28059
1463	53.04468
1464	52.967384
1465	51.25437
1466	49.983593
1467	48.45242
1468	46.490913
1469	45.03638
1470	43.36393
1471	42.781975
1472	40.834652
1473	38.88854
1474	38.546684
1475	38.025482
1476	37.612976
1477	37.479374
1478	35.854202
1479	33.943615
1480	32.494423
1481	31.839539
1482	31.153118
1483	30.455515
1484	28.937433
1485	27.714785
1486	26.111311
1487	24.413681
1488	24.247618
1489	22.369732
1490	21.120916
1491	19.198565
1492	18.52984
1493	17.943956
1494	17.27405
1495	16.866076
1496	15.4186125
1497	13.87751
1498	12.142526
1499	11.488789
1500	10.264536
1501	9.697809
1502	8.457518
1503	6.7782583
1504	5.0424256
1505	4.3921504
1506	3.3986294
1507	2.4378994
1508	1.3995702
1509	0.36259827
1510	10.720249
1511	9.227566
1512	8.171016
1513	6.8317356
1514	5.495636
1515	4.05165
1516	2.9281652
1517	1.9196014
1518	0.87469405
1519	5.453586
1520	3.593727
1521	3.2103262
1522	2.6461215
1523	2.2705016
1524	1.6734922
1525	1.4388409
1526	0.922692
1527	28.855217
1528	27.932432
1529	26.625048
1530	25.555931
1531	25.108553
1532	24.420948
1533	22.432373
1534	22.284172
1535	20.582382
1536	19.562681
1537	19.473825
1538	17.766762
1539	16.73427
1540	15.4948435
1541	14.061177
1542	13.065782
1543	12.300526
1544	12.077921
1545	10.732755
1546	10.366382
1547	8.558328
1548	8.3548355
1549	8.336113
1550	7.0159097
1551	6.5279126
1552	5.034728
1553	4.048599
1554	2.7651985
1555	1.5702226
1556	0.6213219
1557	14.773582
1558	14.607216
1559	13.385765
1560	12.111156
1561	11.191532
1562	10.661537
1563	9.788039
1564	9.0506
1565	7.515232
1566	7.342405
1567	6.896426
1568	5.118815
1569	3.8490696
1570	2.9590685
1571	2.9578373
1572	2.8933651
1573	1.5618203
1574	37.50855
1575	36.250053
1576	34.355034
1577	33.444134
1578	32.591537
1579	31.309347
1580	30.355194
1581	29.442915
1582	29.135246
1583	27.905659
1584	26.86967
1585	25.407272
1586	24.658165
1587	24.374077
1588	23.43945
1589	22.951937
1590	22.378965
1591	21.610584
1592	20.08419
1593	19.709177
1594	19.202671
1595	19.035818
1596	17.98749
1597	17.73277
1598	17.267666
1599	15.371201
1600	14.652203
1601	14.302037
1602	13.036303
1603	13.003046
1604	11.497744
1605	10.795944
1606	10.24106
1607	8.983784
1608	8.653743
1609	8.362523
1610	8.248424
1611	8.013412
1612	6.2989435
1613	5.09855
1614	4.287033
1615	4.2418556
1616	4.1153755
1617	3.9050808
1618	2.3471847
1619	1.0038898
1620	0.49183697
1621	38.67325
1622	37.4521
1623	36.203644
1624	35.676685
1625	34.040974
1626	33.36727
1627	32.010582
1628	30.268398
1629	28.993895
1630	28.831343
1631	27.815804
1632	27.49659
1633	27.293808
1634	25.589111
1635	24.60455
1636	24.41593
1637	23.27588
1638	22.815247
1639	21.823313
1640	20.668318
1641	19.584831
1642	17.631456
1643	17.326366
1644	16.311733
1645	16.240953
1646	14.610418
1647	14.37895
1648	13.654287
1649	12.438828
1650	13.01957
1651	14.476693
1652	16.447348
1653	17.884075
1654	18.35409
1655	18.919762
1656	20.036222
1657	21.85733
1658	22.943262
1659	22.974714
1660	24.207718
1661	25.138996
1662	26.303688
1663	27.861404
1664	29.103537
1665	30.027327
1666	31.232653
1667	32.375042
1668	32.666965
1669	33.602253
1670	34.63503
1671	34.66491
1672	35.281734
1673	36.194836
1674	37.651413
1675	37.705086
1676	38.466206
1677	39.025482
1678	40.73858
1679	42.125538
1680	42.836067
1681	42.88288
1682	43.3754
1683	44.757217
1684	46.201775
1685	48.10303
1686	49.814247
1687	51.728905
1688	52.68008
1689	53.03783
1690	53.68914
1691	55.410553
1692	57.284405
1693	58.17363
1694	59.316135
1695	61.274715
1696	62.15521
1697	63.420322
1698	63.815845
1699	64.66529
1700	65.52901
1701	66.02897
1702	67.12548
1703	67.40038
1704	67.482124
1705	68.53342
1706	69.90525
1707	70.07349
1708	71.42291
1709	72.049034
1710	72.28159
1711	73.85481
1712	75.2434
1713	76.198875
1714	77.307
1715	77.5319
1716	78.97917
1717	80.87554
1718	81.95397
1719	83.466484
1720	84.76356
1721	84.98398
1722	85.39778
1723	86.84766
1724	87.02654
1725	87.52222
1726	88.84453
1727	88.91819
1728	90.076004
1729	91.054276
1730	92.72057
1731	92.72958
1732	94.3535
1733	95.11083
1734	97.09596
1735	97.93426
1736	98.60529
1737	98.68402
1738	100.12449
1739	101.84865
1740	101.858574
1741	103.01134
1742	104.96266
1743	106.847855
1744	107.98303
1745	108.079124
1746	108.29275
1747	109.47055
1748	110.75182
1749	112.69614
1750	114.134026
1751	114.618904
1752	115.98225
1753	116.94112
1754	118.76018
1755	120.46289
1756	121.979805
1757	123.08517
1758	123.19383
1759	123.94742
1760	124.42691
1761	125.21505
1762	126.638535
1763	127.012245
1764	128.58492
1765	130.44824
1766	132.36478
1767	133.32074
1768	134.66508
1769	135.45947
1770	135.53278
1771	136.43997
1772	137.56647
1773	137.70422
1774	139.59581
1775	141.03757
1776	142.80496
1777	144.31984
1778	144.57951
1779	145.73007
1780	145.90045
1781	147.13539
1782	148.37006
1783	148.80011
1784	149.49573
1785	151.20998
1786	151.95557
1787	153.69176
1788	154.95955
1789	155.47835
1790	156.3097
1791	157.31094
1792	158.44351
1793	159.40527
1794	159.82126
1795	161.26198
1796	161.8901
1797	162.84445
1798	164.2259
1799	164.77315
1800	165.41136
1801	166.04993
1802	166.45491
1803	166.51411
1804	167.92555
1805	169.2861
1806	170.02908
1807	170.22781
1808	171.1183
1809	172.68619
1810	174.10138
1811	175.59283
1812	176.15106
1813	176.18494
1814	177.76398
1815	178.97418
1816	180.70767
1817	181.98872
1818	183.87209
1819	185.70348
1820	185.7797
1821	186.50792
1822	186.75017
1823	187.09155
1824	188.23576
1825	190.13496
1826	190.35025
1827	191.51736
1828	191.55812
1829	192.66145
1830	193.0587
1831	194.44293
1832	195.38232
1833	197.18727
1834	197.86154
1835	198.41089
1836	198.70093
1837	199.8876
1838	200.0934
1839	202.0838
1840	202.96928
1841	204.75742
1842	206.21799
1843	207.94418
1844	208.5009
1845	209.10196
1846	209.61012
1847	210.32716
1848	210.56114
1849	211.15182
1850	211.95494
1851	213.81403
1852	214.60034
1853	216.58784
1854	218.56877
1855	219.76285
1856	220.96216
1857	221.82834
1858	223.21698
1859	223.22916
1860	224.6927
1861	226.1296
1862	226.94543
1863	227.29417
1864	228.21582
1865	229.21669
1866	230.01566
1867	231.75394
1868	233.02943
1869	234.49696
1870	235.60551
1871	236.69028
1872	238.6462
1873	240.43907
1874	241.46782
1875	241.9756
1876	243.93983
1877	244.63817
1878	245.55504
1879	247.44746
1880	249.43619
1881	250.16745
1882	251.63676
1883	252.20714
1884	252.81873
1885	253.28679
1886	254.49379
1887	256.12137
1888	257.71722
1889	259.62415
1890	260.2184
1891	260.3876
1892	260.80505
1893	262.55624
1894	263.34943
1895	264.72748
1896	265.17358
1897	266.95126
1898	267.94968
1899	268.99924
1900	269.06894
1901	270.58743
1902	271.55963
1903	272.91367
1904	274.8001
1905	275.48
1906	276.22803
1907	277.5332
1908	277.9326
1909	278.05392
1910	278.38358
1911	279.68997
1912	281.35928
1913	282.85257
1914	283.96158
1915	284.7209
1916	286.15372
1917	287.0996
1918	287.91046
1919	289.58154
1920	289.66367
1921	290.76764
1922	291.1716
1923	292.32376
1924	292.9867
1925	294.1573
1926	295.0948
1927	295.72726
1928	296.79892
1929	298.2076
1930	298.27145
1931	298.65756
1932	299.15167
1933	300.26215
1934	300.87024
1935	301.8429
1936	302.78802
1937	302.95163
1938	303.4942
1939	303.6997
1940	305.4679
1941	306.91055
1942	307.74173
1943	309.202
1944	310.47388
1945	312.13702
1946	313.89038
1947	313.9851
1948	314.949
1949	316.51886
1950	317.59833
1951	317.83707
1952	318.87317
1953	319.59702
1954	320.31024
1955	320.4959
1956	321.7627
1957	322.9205
1958	324.55423
1959	324.62778
1960	325.95575
1961	327.1621
1962	328.54596
1963	330.27713
1964	331.44666
1965	333.09653
1966	334.3432
1967	335.6279
1968	337.59692
1969	338.27457
1970	340.13974
1971	340.94553
1972	340.95242
1973	341.2762
1974	342.5784
1975	342.7979
1976	344.0636
1977	344.38434
1978	345.69183
1979	345.70767
1980	346.65186
1981	347.5041
1982	349.07892
1983	350.97772
1984	351.713
1985	352.0337
1986	353.53668
1987	355.19998
1988	356.2221
1989	357.38486
1990	358.57593
1991	359.42935
1992	359.79617
1993	361.5316
1994	362.4473
1995	363.7284
1996	364.01422
1997	364.85217
1998	366.25467
1999	367.19745
2000	367.2806
2001	369.17392
2002	370.11136
2003	370.24243
2004	371.10495
2005	371.1761
2006	371.93958
2007	373.91092
2008	375.43423
2009	376.6998
2010	378.2155
2011	379.70847
2012	379.8082
2013	381.34506
2014	381.899
2015	382.243
2016	383.045
2017	383.67197
2018	384.72467
2019	385.98425
2020	386.10388
2021	386.26135
2022	386.9689
2023	388.36108
2024	388.70667
2025	388.8268
2026	389.7439
2027	390.35834
2028	392.23956
2029	392.50854
2030	392.8088
2031	394.71167
2032	395.57288
2033	397.2008
2034	398.18573
2035	398.5234
2036	398.64703
2037	399.54565
2038	400.02823
2039	400.94098
2040	402.00928
2041	403.0566
2042	404.5302
2043	405.6142
2044	407.46494
2045	408.06808
2046	408.21893
2047	409.45364
2048	411.0874
2049	411.35788
2050	411.81033
2051	412.98117
2052	413.7737
2053	414.8862
2054	416.48422
2055	417.69568
2056	418.03574
2057	419.45544
2058	421.04214
2059	422.37338
2060	423.68
2061	423.92746
2062	425.81924
2063	426.6585
2064	428.46667
2065	429.07388
2066	430.66025
2067	430.73898
2068	431.27673
2069	431.57233
2070	431.70654
2071	432.3382
2072	432.75256
2073	434.0985
2074	435.17868
2075	436.69168
2076	437.81543
2077	437.90176
2078	439.77658
2079	441.61563
2080	441.90088
2081	442.68976
2082	442.75717
2083	444.21066
2084	446.1902
2085	447.08444
2086	448.1055
2087	448.20605
2088	449.90704
2089	451.56604
2090	453.3639
2091	455.19452
2092	456.11273
2093	457.2391
2094	457.5288
2095	457.81543
2096	458.69183
2097	459.10718
2098	459.36057
2099	461.01205
2100	461.84552
2101	462.24835
2102	463.11865
2103	463.5534
2104	463.92365
2105	464.1775
2106	464.25592
2107	464.27536
2108	465.41873
2109	467.19077
2110	468.08228
2111	468.79742
2112	469.77307
2113	470.36664
2114	471.4351
2115	472.68585
2116	473.21243
2117	473.99753
2118	474.1654
2119	475.45538
2120	476.04034
2121	477.3395
2122	478.8721
2123	478.98068
2124	480.89423
2125	480.96686
2126	482.71918
2127	483.49207
2128	483.77466
2129	485.4081
2130	487.29742
2131	488.40564
2132	488.5391
2133	489.5288
2134	490.97998
2135	492.67224
2136	493.02933
2137	493.5649
2138	494.6605
2139	494.76782
2140	495.43866
2141	497.14725
2142	498.1982
2143	499.88425
2144	499.9633
2145	500.09564
2146	501.3332
2147	503.3179
2148	505.21872
2149	507.1981
2150	507.27142
2151	508.4906
2152	509.34085
2153	509.62897
2154	511.57828
2155	513.47504
2156	514.12756
2157	515.6433
2158	517.302
2159	517.94916
2160	518.6749
2161	519.45496
2162	519.85815
2163	519.93536
2164	521.5018
2165	521.8401
2166	522.4318
2167	522.5182
2168	522.6891
2169	524.56067
2170	524.80743
2171	525.78864
2172	526.6695
2173	527.6245
2174	529.1306
2175	530.5138
2176	532.0522
2177	533.4777
2178	535.19305
2179	535.5116
2180	537.31067
2181	539.1572
2182	539.5834
2183	540.91833
2184	541.8235
2185	543.0023
2186	543.66156
2187	543.916
2188	545.6943
2189	547.4615
2190	549.2532
2191	550.4241
2192	551.71533
2193	553.178
2194	554.21075
2195	555.82025
2196	557.3919
2197	559.0584
2198	559.4987
2199	560.312
2200	561.6111
2201	563.3733
2202	564.4284
2203	564.6392
2204	564.9971
2205	565.87427
2206	566.5566
2207	568.01025
2208	568.2299
2209	569.5303
2210	569.74927
2211	569.8132
2212	571.5388
2213	572.1846
2214	574.0214
2215	575.0773
2216	575.72394
2217	576.40216
2218	577.3801
2219	577.7163
2220	578.5152
2221	578.79956
2222	579.69867
2223	581.5659
2224	581.85944
2225	583.5957
2226	584.4235
2227	585.9656
2228	587.00116
2229	587.9042
2230	589.8239
2231	591.67737
2232	592.13153
2233	593.68036
2234	594.3843
2235	594.91626
2236	595.6322
2237	597.06934
2238	597.3727
2239	597.5622
2240	598.2422
2241	598.2658
2242	598.87366
2243	599.66504
2244	600.9668
2245	601.0149
2246	602.8098
2247	603.11035
2248	604.90784
2249	605.4782
2250	605.76904
2251	605.83936
2252	607.0189
2253	608.32935
2254	608.6113
2255	609.9579
2256	610.72906
2257	611.8809
2258	612.7664
2259	613.0039
2260	613.3142
2261	613.9822
2262	614.071
2263	615.5817
2264	616.83405
2265	618.36395
2266	619.93146
2267	620.509
2268	622.38885
2269	623.0453
2270	624.53546
2271	624.5581
2272	626.38904
2273	628.3534
2274	629.77435
2275	629.81476
2276	630.4672
2277	632.04645
2278	632.47424
2279	633.6091
2280	635.5998
2281	636.9653
2282	637.47186
2283	637.9166
2284	637.9435
2285	638.5794
2286	639.0098
2287	639.3227
2288	640.3396
2289	641.9767
2290	642.6153
2291	644.45734
2292	646.0097
2293	647.43274
2294	649.3666
2295	649.4243
2296	649.70135
2297	650.5516
2298	651.3855
2299	653.3599
2300	654.1453
2301	656.0833
2302	657.1408
2303	658.15045
2304	659.61804
