0	27.940033
1	27.155052
2	25.911192
3	25.560532
4	25.54815
5	25.536629
6	25.043623
7	24.271814
8	23.140602
9	23.070175
10	22.515648
11	21.104784
12	19.700357
13	18.119276
14	17.4729
15	17.344755
16	16.530024
17	16.08036
18	15.287624
19	15.195347
20	14.422314
21	12.988995
22	12.946173
23	12.6535425
24	11.840427
25	11.268299
26	10.25636
27	8.373942
28	6.9024315
29	6.0014524
30	5.089334
31	4.7227426
32	3.2496865
33	3.0998778
34	2.8362286
35	2.086766
36	1.5817269
37	0.7313938
38	6.454511
39	5.8865476
40	4.058378
41	2.189193
42	0.45408615
43	20.657059
44	19.187773
45	18.85762
46	18.631495
47	17.813194
48	17.770098
49	15.912726
50	14.077158
51	13.849075
52	13.370772
53	13.332771
54	12.587118
55	11.0645485
56	9.524923
57	8.460414
58	8.453823
59	9.443642
60	9.896838
61	11.737569
62	13.692923
63	14.7821455
64	15.166071
65	16.11089
66	17.763939
67	18.894325
68	20.304672
69	21.637981
70	22.20325
71	24.112614
72	24.170797
73	25.88365
74	27.809258
75	29.474583
76	31.220432
77	32.54426
78	33.193996
79	33.270523
80	35.18405
81	36.39604
82	37.435966
83	39.134613
84	39.444363
85	40.35903
86	40.712727
87	40.78574
88	41.241302
89	42.374454
90	43.402287
91	44.73623
92	45.518864
93	46.706356
94	47.860474
95	49.081356
96	50.002663
97	51.63494
98	52.592243
99	52.936836
100	53.562366
101	53.571907
102	53.976818
103	55.943542
104	56.45654
105	58.39421
106	58.476513
107	59.06395
108	60.179234
109	60.762085
110	60.857323
111	61.152992
112	62.827072
113	63.859226
114	63.87553
115	64.99753
116	65.68366
117	65.868805
118	66.63904
119	68.18314
120	68.57399
121	70.07742
122	70.93463
123	72.76459
124	73.97551
125	75.28092
126	75.7231
127	77.148575
128	77.286934
129	79.03142
130	79.56966
131	81.4085
132	82.06379
133	82.995735
134	84.12238
135	84.12878
136	84.574554
137	85.87241
138	87.40442
139	88.63452
140	89.41246
141	90.78702
142	92.059586
143	93.61856
144	93.85263
145	95.31286
146	95.54591
147	96.352036
148	98.08699
149	99.48983
150	100.83382
151	100.967606
152	102.19558
153	103.385506
154	104.47087
155	105.25816
156	106.84426
157	108.31344
158	108.8295
159	110.76937
160	111.95508
161	113.07918
162	114.29457
163	115.76001
164	116.24665
165	116.59486
166	116.72949
167	118.128174
168	118.931854
169	120.32078
170	120.55412
171	122.399155
172	124.23321
173	125.51985
174	125.91489
175	126.82622
176	127.6219
177	128.42464
178	129.83449
179	129.25378
180	127.39862
181	127.36795
182	125.40943
183	124.18115
184	123.11195
185	121.75973
186	120.25893
187	119.29947
188	118.07444
189	117.97459
190	116.22032
191	115.675735
192	114.00262
193	113.20319
194	112.50101
195	111.46967
196	111.30208
197	110.86746
198	109.46338
199	108.00397
200	106.87184
201	106.8708
202	106.007675
203	105.39739
204	105.039185
205	104.8942
206	104.81223
207	102.91462
208	102.197945
209	102.001724
210	101.48249
211	100.34603
212	98.700645
213	97.61414
214	96.919945
215	95.4965
216	94.2662
217	93.11546
218	92.19565
219	91.582664
220	90.41265
221	88.94699
222	88.15522
223	87.781456
224	86.57411
225	85.96939
226	84.86381
227	84.116295
228	82.91644
229	81.685356
230	80.81186
231	79.68008
232	79.67895
233	77.72822
234	76.61507
235	75.006355
236	73.68158
237	72.83427
238	72.754486
239	71.21291
240	69.45002
241	69.32915
242	67.71513
243	66.3541
244	65.2231
245	64.97094
246	63.694035
247	63.231003
248	62.919727
249	61.80528
250	59.861023
251	58.72099
252	57.955105
253	57.500336
254	55.968292
255	54.500652
256	53.577988
257	53.33938
258	53.189117
259	51.480946
260	49.879784
261	48.682674
262	48.10336
263	47.164158
264	46.48714
265	46.433296
266	44.823948
267	43.946896
268	42.000767
269	40.42347
270	40.414246
271	39.30686
272	37.693447
273	37.552357
274	37.438374
275	36.82225
276	35.624683
277	33.768066
278	33.251564
279	32.50495
280	30.51908
281	30.470406
282	29.420303
283	28.105358
284	26.468035
285	25.875675
286	25.195545
287	24.205343
288	22.411272
289	21.387253
290	20.37792
291	19.550934
292	19.436272
293	19.147327
294	18.738916
295	18.533577
296	17.48025
297	16.478474
298	15.63932
299	13.658528
300	12.12252
301	12.018551
302	11.243082
303	9.479263
304	8.954143
305	7.1378317
306	5.411541
307	4.075184
308	3.5316153
309	2.4067185
310	1.47808
311	28.663073
312	28.375128
313	27.766588
314	27.073788
315	25.377357
316	23.461626
317	23.338171
318	21.823116
319	20.256552
320	20.118902
321	18.627712
322	18.079844
323	16.7378
324	16.64179
325	15.11242
326	14.975649
327	13.132877
328	12.075956
329	10.171203
330	8.387659
331	7.0827336
332	6.4970274
333	5.5087256
334	4.055166
335	2.6964314
336	2.2890315
337	0.6503652
338	0.009987891
339	27.611101
340	26.936308
341	25.599653
342	23.953665
343	23.004108
344	22.844608
345	21.32781
346	20.149006
347	19.08943
348	17.616207
349	15.625182
350	13.78627
351	13.649091
352	13.638834
353	13.1888485
354	11.321397
355	10.0512905
356	8.657512
357	6.8425174
358	6.7837305
359	6.0933747
360	5.032031
361	3.220186
362	2.7274444
363	2.229928
364	2.0586293
365	1.9996696
366	0.8046214
367	0.48386267
368	5.843561
369	4.5765734
370	2.584159
371	1.0016873
372	0.9615935
373	27.83848
374	27.568758
375	26.327763
376	25.528486
377	24.667171
378	24.105743
379	23.679474
380	22.994303
381	22.92132
382	22.318752
383	21.536926
384	21.188581
385	20.485184
386	18.54133
387	16.928722
388	15.380325
389	13.465744
390	12.241113
391	11.883256
392	11.501024
393	10.708886
394	10.418355
395	8.619185
396	7.731819
397	6.0310616
398	5.476523
399	4.9207063
400	3.5090156
401	1.6972244
402	1.3871328
403	28.83067
404	27.706884
405	27.259396
406	25.672176
407	25.00898
408	24.376528
409	24.275497
410	23.051853
411	22.921885
412	22.31727
413	21.797018
414	20.934324
415	20.421621
416	19.023281
417	17.116823
418	16.718822
419	15.688596
420	14.896215
421	14.481224
422	12.835566
423	11.949244
424	10.190073
425	9.713716
426	8.506046
427	7.836205
428	6.8516994
429	5.0403457
430	3.2218049
431	2.5176218
432	1.3853922
433	0.853042
434	38.7678
435	37.45976
436	35.917435
437	35.401875
438	34.04687
439	33.18082
440	32.131306
441	30.147306
442	28.875992
443	27.153803
444	27.082481
445	25.40344
446	24.500559
447	23.454185
448	22.368874
449	21.271292
450	21.234356
451	20.267551
452	19.372074
453	18.935646
454	17.393805
455	16.51076
456	15.698467
457	14.983471
458	14.954165
459	13.213003
460	12.565312
461	10.765869
462	9.718946
463	8.4208355
464	8.301243
465	7.451091
466	7.2123528
467	6.364838
468	6.203176
469	5.4758253
470	3.5150056
471	1.6149476
472	0.8616833
473	1.2331015
474	8.42224
475	8.1596985
476	7.3135843
477	6.824162
478	6.0979385
479	5.8588505
480	4.200304
481	3.6379547
482	2.7505186
483	1.1253988
484	0.3890615
485	6.2123547
486	4.498457
487	4.4765606
488	3.8100061
489	1.868499
490	0.2691897
491	0.115932375
492	11.528707
493	11.214219
494	10.898175
495	9.048106
496	7.4194655
497	6.1216516
498	5.200098
499	4.77771
500	2.9552147
501	1.1209261
502	47.913353
503	47.46694
504	46.791763
505	45.085896
506	45.085373
507	44.75985
508	43.45997
509	42.038216
510	41.545826
511	41.107635
512	39.244644
513	38.26328
514	37.747063
515	37.4387
516	36.120743
517	34.247234
518	33.143257
519	31.66986
520	31.011492
521	30.895851
522	30.464977
523	28.847967
524	27.043255
525	26.453669
526	25.10132
527	24.94507
528	23.336735
529	22.746323
530	21.928942
531	20.27848
532	20.048925
533	19.243065
534	18.269697
535	16.99926
536	16.685564
537	15.162388
538	13.181504
539	11.307296
540	10.470506
541	9.468055
542	7.63422
543	5.691236
544	4.444688
545	2.7039628
546	2.1570065
547	0.9285214
548	0.025435686
549	38.549614
550	37.95435
551	36.29016
552	34.485493
553	34.304306
554	34.265377
555	32.331753
556	32.05618
557	30.644325
558	28.797522
559	26.880463
560	25.05654
561	24.134472
562	23.581764
563	22.802795
564	20.906132
565	20.603455
566	18.692831
567	18.510792
568	16.64
569	16.015114
570	15.7442
571	14.640774
572	14.329471
573	13.012849
574	11.388147
575	11.26374
576	9.384695
577	7.7398005
578	7.5761094
579	7.413371
580	5.7068863
581	4.69705
582	3.8966596
583	2.9006608
584	1.4311419
585	0.4836294
586	7.446117
587	6.1226964
588	4.7988815
589	4.701623
590	3.5424979
591	2.8607135
592	2.6094863
593	1.6328745
594	0.79822016
595	40.859554
596	39.36569
597	38.832375
598	37.02504
599	35.277683
600	33.99668
601	33.583183
602	33.25807
603	32.467953
604	32.329388
605	31.883614
606	30.245546
607	30.161364
608	29.544014
609	29.278362
610	28.88376
611	28.553291
612	26.61169
613	25.200794
614	23.713358
615	23.472649
616	22.719975
617	22.021944
618	20.48185
619	19.189695
620	18.866272
621	17.47126
622	16.148218
623	14.814445
624	13.69522
625	13.478224
626	12.581209
627	10.620227
628	10.032484
629	8.571305
630	6.5875583
631	6.056121
632	5.5178328
633	4.3043904
634	3.2262414
635	1.552307
636	0.5493597
637	13.688797
638	12.140136
639	11.970949
640	11.468046
641	10.041554
642	9.600169
643	8.608162
644	7.451907
645	6.532974
646	5.672623
647	4.639221
648	3.1225522
649	1.713748
650	1.586429
651	26.476654
652	24.625135
653	23.882902
654	23.7757
655	23.382116
656	23.15966
657	21.247404
658	21.01683
659	19.604712
660	18.47964
661	18.394022
662	17.53285
663	15.917236
664	14.101387
665	12.810905
666	12.295391
667	11.538747
668	10.309782
669	8.997571
670	7.40885
671	6.436779
672	5.561936
673	4.6112227
674	4.316714
675	2.6541293
676	1.7747799
677	0.18464044
678	32.881958
679	31.323912
680	29.544306
681	28.973562
682	27.118898
683	25.30449
684	24.178192
685	22.83783
686	21.775455
687	20.475048
688	19.734964
689	19.103222
690	18.25663
691	16.37006
692	17.981066
693	18.09188
694	18.964764
695	19.549921
696	19.813538
697	20.593796
698	21.416058
699	21.702122
700	22.193014
701	22.68236
702	22.866693
703	22.978136
704	24.955957
705	26.589312
706	28.278072
707	29.150124
708	29.194715
709	30.379957
710	30.962374
711	32.951843
