0	44.59027
1	42.960014
2	42.198677
3	40.222347
4	39.374207
5	39.01457
6	38.011436
7	36.91918
8	35.48277
9	33.58033
10	33.26176
11	31.696474
12	29.766201
13	28.189306
14	27.647457
15	25.668789
16	24.63976
17	24.590445
18	22.640537
19	21.830261
20	21.737055
21	19.974123
22	19.805979
23	18.682459
24	17.341095
25	16.29663
26	14.560131
27	13.65173
28	12.854569
29	12.100713
30	10.526487
31	9.287287
32	8.753751
33	8.479608
34	7.089407
35	5.7901096
36	4.458828
37	4.1292715
38	4.063858
39	3.7400577
40	2.1247728
41	0.8804011
42	30.107792
43	29.4925
44	28.885843
45	27.842728
46	26.422068
47	25.83327
48	25.402662
49	24.107794
50	22.563013
51	21.9257
52	21.220757
53	20.00018
54	18.971243
55	17.442986
56	15.820041
57	14.739494
58	13.824049
59	12.812425
60	11.767357
61	10.382861
62	10.158125
63	8.213825
64	7.917379
65	6.720691
66	5.3323164
67	4.111738
68	2.6063702
69	1.7742264
70	1.620206
71	22.200586
72	20.336424
73	18.48188
74	18.00424
75	16.312515
76	15.437489
77	13.922025
78	13.806251
79	11.940769
80	10.943036
81	9.24282
82	8.428104
83	6.865597
84	5.6226993
85	3.9698634
86	3.6821282
87	2.3637998
88	1.0205045
89	0.66998386
90	10.79011
91	9.064247
92	8.394653
93	7.6392083
94	6.392653
95	5.7549133
96	4.024661
97	2.69257
98	1.4891043
99	0.87310946
100	41.090034
101	40.838142
102	39.593536
103	38.901676
104	37.38582
105	37.36781
106	37.136803
107	35.34382
108	34.951134
109	34.72309
110	34.406216
111	33.78627
112	33.244434
113	33.047947
114	31.175589
115	31.080511
116	30.771732
117	30.149046
118	29.054419
119	27.97103
120	27.907196
121	26.933311
122	25.527523
123	23.98523
124	24.703176
125	25.284039
126	25.544981
127	27.274319
128	28.01995
129	28.413849
130	29.272575
131	30.86401
132	32.01163
133	33.728695
134	33.995865
135	34.654903
136	34.94473
137	36.19144
138	37.5678
139	38.74749
140	39.320335
141	40.85138
142	41.05217
143	41.973648
144	43.849857
145	45.12652
146	46.112377
147	47.884212
148	48.115395
149	48.440647
150	49.539814
151	49.680904
152	51.174908
153	52.440334
154	54.177467
155	54.33641
156	55.3374
157	55.8114
158	55.892384
159	57.322914
160	57.464554
161	58.070324
162	59.488777
163	60.58068
164	59.99103
165	59.70232
166	57.99044
167	57.62275
168	57.346302
169	56.51536
170	55.0496
171	53.72769
172	51.81894
173	49.88182
174	48.915733
175	48.884632
176	47.313744
177	46.767376
178	45.528072
179	44.29387
180	43.56953
181	43.422688
182	42.440144
183	40.561028
184	38.895096
185	37.63013
186	36.778503
187	35.64985
188	34.707695
189	34.063812
190	33.62464
191	31.65815
192	29.697094
193	28.01065
194	26.37912
195	25.365517
196	24.049295
197	23.043375
198	22.10018
199	20.185658
200	19.74456
201	19.725534
202	18.619871
203	17.489943
204	16.895494
205	16.541677
206	15.7985935
207	15.0815115
208	13.138164
209	11.654548
210	10.906033
211	9.211773
212	7.9447594
213	6.331924
214	4.863109
215	4.3312006
216	2.5800552
217	1.701005
218	9.748171
219	8.579337
220	7.143369
221	6.4742603
222	6.271458
223	5.3845096
224	3.3933678
225	1.7441018
226	1.0830083
227	0.25538617
228	11.818082
229	10.422967
230	9.252525
231	8.838995
232	7.25246
233	5.592575
234	4.7443695
235	4.491365
236	4.1852193
237	3.836873
238	3.2600248
239	2.1438272
240	0.6904304
241	0.22173819
242	12.355848
243	11.427415
244	9.938387
245	8.020166
246	6.1327662
247	5.699348
248	4.070022
249	2.8698955
250	2.7244277
251	2.5814738
252	2.2264047
253	0.53562784
254	57.637733
255	56.430332
256	55.02431
257	54.29743
258	53.99848
259	52.75613
260	51.336185
261	50.849133
262	50.84192
263	48.88968
264	48.86253
265	47.155235
266	46.06689
267	44.30859
268	42.58768
269	41.152008
270	40.66964
271	39.583015
272	38.258854
273	37.75054
274	37.750263
275	37.657433
276	37.635067
277	36.06988
278	34.30666
279	32.825962
280	32.042717
281	31.734383
282	31.32775
283	30.889723
284	29.010418
285	28.785233
286	27.211357
287	25.68148
288	23.774925
289	22.5495
290	21.152626
291	20.826488
292	20.084858
293	19.38469
294	18.801647
295	17.64098
296	15.801281
297	15.126199
298	14.004517
299	13.434773
300	12.341492
301	10.540072
302	9.307937
303	8.582258
304	7.7025385
305	7.4044776
306	5.9130144
307	4.417707
308	3.9235947
309	3.8080559
310	2.5716236
311	2.0931761
312	0.49722058
313	25.543636
314	23.621342
315	23.461018
316	23.321249
317	21.446417
318	20.08091
319	18.182013
320	16.928045
321	15.020568
322	13.403412
323	11.542201
324	9.559268
325	7.9054503
326	7.6602845
327	6.2701735
328	4.6531196
329	4.3327312
330	4.261149
331	3.6440363
332	2.8433251
333	1.1283772
334	54.363136
335	52.409218
336	51.47024
337	49.83218
338	48.02079
339	47.66096
340	47.067814
341	45.313652
342	44.1955
343	45.396603
344	46.277878
345	47.99884
346	49.400715
347	49.426678
348	49.690613
349	50.38576
350	52.007874
351	52.29097
352	53.828266
353	53.93286
354	54.106415
355	55.14868
356	55.772682
357	57.42078
358	59.16851
359	60.179337
360	61.790787
361	62.32084
362	63.42389
363	64.03252
364	65.60909
365	67.40914
366	69.38703
367	70.150536
368	71.38512
369	72.958855
370	74.5993
371	75.06707
372	76.71534
373	78.01846
374	78.77539
375	80.082825
376	80.94455
377	82.82678
378	83.39498
379	84.08875
380	84.751236
381	85.026566
382	85.47174
383	86.74301
384	88.23628
385	88.993675
386	89.238655
387	90.58924
388	89.00485
389	88.646866
390	87.74274
391	87.63255
392	85.8093
393	85.02569
394	84.000496
395	83.8326
396	83.770615
397	82.2618
398	82.00058
399	81.895454
400	81.694725
401	80.77754
402	79.752495
403	78.722305
404	76.80313
405	76.61262
406	75.21477
407	74.81849
408	74.72914
409	74.6441
410	74.55956
411	73.516205
412	72.8287
413	71.02798
414	70.16728
415	68.35488
416	67.92159
417	66.08116
418	64.90235
419	64.81844
420	64.39887
421	63.32605
422	61.877037
423	61.65502
424	59.998764
425	59.84528
426	57.863106
427	56.704086
428	55.967197
429	54.941265
430	53.260185
431	52.02586
432	51.279243
433	49.864212
434	49.576458
435	48.670963
436	48.605366
437	48.563347
438	48.220432
439	48.142216
440	46.260334
441	45.528698
442	43.542633
443	42.986893
444	42.973904
445	41.28126
446	40.000523
447	38.665863
448	38.392323
449	37.909977
450	37.405956
451	36.53985
452	35.553852
453	35.281837
454	33.406063
455	32.72697
456	32.00584
457	31.705563
458	31.01485
459	30.03513
460	29.193996
461	29.042519
462	28.404623
463	26.55061
464	24.982273
465	23.573235
466	23.245409
467	21.467688
468	19.81404
469	18.234789
470	16.66877
471	16.4629
472	16.167166
473	14.929824
474	14.193005
475	12.631499
476	11.752643
477	10.052152
478	8.391796
479	7.8352027
480	7.583768
481	7.0948668
482	5.907291
483	5.233268
484	3.525188
485	3.2571092
486	1.4036056
487	1.2500678
488	8.0105505
489	6.39715
490	5.8208714
491	5.037205
492	4.0852866
493	3.1213956
494	2.8858125
495	1.50069
496	0.89074695
497	36.92534
498	36.33237
499	34.36425
500	32.389137
501	30.982452
502	29.02213
503	27.422901
504	27.225517
505	26.752392
506	26.332077
507	25.539654
508	24.728613
509	22.755161
510	22.627714
511	21.570574
512	20.010511
513	18.051052
514	17.610233
515	17.141111
516	15.678699
517	15.494367
518	13.517338
519	11.8393755
520	11.611083
521	9.957782
522	8.927289
523	8.227223
524	7.782959
525	6.299847
526	4.891757
527	3.09789
528	3.0277698
529	2.160551
530	0.4355732
531	31.018085
532	30.15822
533	28.94055
534	27.826275
535	26.805222
536	26.454016
537	25.885134
538	25.106125
539	23.790209
540	22.724775
541	22.152689
542	21.842344
543	20.907812
544	20.757013
545	19.207567
546	17.250721
547	15.789797
548	14.521938
549	14.338993
550	13.153453
551	11.268982
552	10.887737
553	11.390979
554	13.383537
555	14.820943
556	16.461357
557	18.266449
558	18.465055
559	18.863316
560	20.24995
561	21.33614
562	21.36026
563	21.623144
564	22.573751
565	23.191483
566	24.343966
567	25.357826
568	25.50707
569	25.700035
570	25.860126
571	26.631819
572	26.665846
573	28.351221
574	28.471169
575	29.454401
576	31.383213
577	32.396904
578	34.273502
579	35.69714
580	35.884777
581	36.696053
582	38.60062
583	39.359253
584	39.437176
585	39.964233
586	41.316113
587	43.09424
588	43.39454
589	44.54758
590	45.67873
591	45.842854
592	46.018322
593	47.9878
594	49.026604
595	49.40387
596	51.262966
597	53.094162
598	54.634354
599	56.58384
600	56.76379
601	57.786747
602	58.352695
603	58.487366
604	59.74846
605	60.21422
606	61.66426
607	63.59967
608	65.28115
609	66.79855
610	67.39169
611	68.806786
612	69.34145
613	69.367584
614	70.46202
615	71.91072
616	72.8614
617	73.12827
618	74.82572
619	76.749214
620	77.54866
621	78.87064
622	80.162346
623	81.821205
624	82.51612
625	82.670395
626	84.528786
627	85.26511
628	86.133995
629	88.107704
630	90.0428
631	90.12524
632	91.371254
633	93.28754
634	93.6194
635	93.77656
636	94.66085
637	95.39058
638	97.33695
639	98.5032
640	38.247467
641	39.56223
642	40.529972
643	39.910583
644	39.399166
645	37.683823
646	36.67035
647	36.511806
648	35.366413
649	34.430984
650	33.40949
651	31.63756
652	29.7293
653	28.688683
654	27.432312
655	26.971075
656	26.127632
657	24.196184
658	22.483595
659	21.759186
660	19.987167
661	19.098589
662	18.21279
663	17.764978
664	15.92532
665	14.579476
666	14.568139
667	13.579166
668	12.052413
669	10.146775
670	9.222953
671	8.300471
672	6.6784396
673	5.008865
674	4.0176945
675	3.3368382
676	2.4789832
677	2.0317879
678	1.7689818
679	0.85011566
680	3.8662286
681	3.739236
682	2.8587177
683	2.5221577
684	0.63340986
685	0.30229452
686	25.6861
687	24.178991
688	22.775393
689	22.554422
690	21.24358
691	20.51719
692	19.582718
693	19.542768
694	18.281618
695	16.947279
696	15.771541
697	14.142518
698	12.405697
699	11.748196
700	10.414229
701	8.513942
702	6.7300997
703	6.224967
704	6.196782
705	4.5829105
706	3.1122763
707	2.2781773
708	0.6515131
709	38.494987
710	38.379498
711	37.06777
712	35.76159
713	34.48133
714	33.59697
715	33.192245
716	32.22552
717	31.298517
718	30.03742
719	28.394293
720	27.459593
721	27.336317
722	26.11663
723	25.370749
724	25.1336
725	24.848269
726	24.660734
727	24.527327
728	24.346935
729	23.459818
730	21.86498
731	21.548788
732	20.847404
733	19.637465
734	17.871918
735	17.602377
736	16.02037
737	15.42887
738	14.905249
739	12.974187
740	11.05692
741	10.918022
742	10.155226
743	8.892702
744	8.036045
745	6.703693
746	6.2366605
747	4.7867236
748	4.2942166
749	2.5256007
750	2.3291829
751	1.0247697
752	0.88055927
753	59.133324
754	57.679474
755	57.592804
756	55.95793
757	54.7467
758	54.663544
759	53.42055
760	52.267063
761	51.59245
762	51.579334
763	49.72471
764	47.799973
765	46.246784
766	46.20273
767	44.287304
768	44.943287
769	46.553764
770	46.76442
771	47.289783
772	49.04497
773	50.277657
774	51.132294
775	51.694653
776	52.863796
777	54.045948
778	55.44931
779	55.5283
780	56.00176
781	57.435757
782	57.546047
783	57.75491
784	59.47723
785	61.33558
786	62.424225
787	63.569496
788	64.63349
789	65.19707
790	66.70713
791	67.34334
792	68.1328
793	69.012794
794	69.432175
795	69.838486
796	69.99486
797	70.54752
798	71.59508
799	72.48417
800	73.99835
801	75.215355
802	75.29135
803	76.3104
804	78.16877
805	78.73742
806	80.18436
807	80.95558
808	82.9073
809	84.13572
810	85.76566
811	87.60478
812	88.3293
813	88.46731
814	88.71037
815	89.705154
816	90.19079
817	90.39716
818	90.68545
819	91.114555
820	92.670715
821	93.30053
822	94.6208
823	96.22578
824	97.52152
825	99.37261
826	3.1765683
827	4.277321
828	6.2571726
829	6.5036654
830	7.965431
831	8.947231
832	10.596636
833	12.395166
834	13.131314
835	14.952928
836	15.5834675
837	16.53332
838	17.894827
839	19.847528
840	20.27351
841	21.82824
842	23.554499
843	25.050709
844	25.975443
845	27.81302
846	27.95074
847	29.14211
848	29.539942
849	30.33397
850	32.24311
851	34.10572
852	34.765266
853	36.314438
854	37.425232
855	39.1667
856	41.05369
857	39.375484
858	37.898994
859	36.2016
860	35.928772
861	34.206356
862	32.91271
863	32.511337
864	31.71416
865	30.194504
866	29.33023
867	28.897644
868	28.368273
869	27.732363
870	26.14114
871	24.393564
872	23.983389
873	23.103931
874	21.706062
875	20.469696
876	18.843117
877	18.429506
878	17.484755
879	17.440807
880	17.080261
881	16.558727
882	15.414597
883	14.561544
884	14.407501
885	13.717416
886	13.133199
887	12.157484
888	10.762715
889	9.370467
890	8.239469
891	7.313613
892	6.662125
893	6.294289
894	5.8167267
895	5.365633
896	5.322812
897	4.7484365
898	4.6856265
899	3.9899693
900	2.428618
901	1.4485934
902	36.001865
903	34.055347
904	32.78198
905	32.249763
906	30.868519
907	29.256157
908	29.237246
909	28.09686
910	26.635141
911	26.369099
912	25.462078
913	23.92791
914	23.214846
915	22.153551
916	20.367151
917	18.998856
918	17.23227
919	16.899977
920	16.270317
921	14.389074
922	13.709567
923	12.11979
924	10.500928
925	10.35433
926	9.439543
927	8.5504
928	7.8579483
929	7.179488
930	7.0758157
931	6.434713
932	5.3836985
933	4.785601
934	3.7073078
935	2.6276636
936	2.5103688
937	1.902966
938	0.77854824
939	0.15697551
940	20.852512
941	19.826511
942	19.109177
943	17.739222
944	15.952299
945	14.887719
946	13.317974
947	13.190008
948	12.55791
949	10.56774
950	10.002184
951	9.630617
952	7.936882
953	6.8632402
