0	40.465263
1	46.49498
2	92.56277
3	45.916595
4	51.60415
5	82.66859
6	46.730927
7	46.195866
8	40.16552
9	60.725212
10	76.662544
11	74.68269
12	44.336483
13	59.40255
14	70.020355
15	76.20795
16	65.55
17	44.215748
18	70.45712
19	46.177555
20	46.320087
21	42.407562
22	88.72149
23	63.91244
24	52.31249
25	66.326584
26	57.611027
27	53.619423
28	97.84961
29	84.7797
30	82.00725
31	57.795074
32	71.92456
33	83.23339
34	64.434906
35	76.70545
36	73.796364
37	60.07333
38	57.356216
39	55.75545
40	57.45552
41	64.88432
42	64.87964
43	82.51701
44	71.31538
45	32.823143
46	18.302485
47	0.90099704
48	18.349556
49	20.877218
50	3.875677
51	13.00797
52	46.176662
53	24.131378
54	3.609724
55	38.762676
56	26.783278
57	3.1460643
58	36.130985
59	6.967459
60	7.404783
61	50.376766
62	6.0080724
63	47.426575
64	22.039507
65	18.994791
66	31.324116
67	15.772084
68	2.029385
69	46.07499
70	26.71846
71	24.267084
72	31.611376
73	30.557213
74	28.752869
75	47.493027
76	37.33681
77	39.816998
78	23.985462
79	23.062033
80	41.527824
81	33.999382
82	13.230112
83	38.893986
84	5.1762204
85	49.88728
86	87.928024
87	62.669903
88	44.769817
89	61.824524
90	61.61312
91	79.15956
92	47.721943
93	52.089012
94	76.55359
95	44.48807
96	70.849945
97	83.441025
98	67.84172
99	91.05121
100	65.01252
101	70.5229
102	78.18811
103	46.114464
104	64.02234
105	46.105606
106	45.880093
107	88.96594
108	74.540344
109	78.159904
110	58.215935
111	74.57815
112	85.96687
113	69.43451
114	62.809616
115	88.1557
116	61.418842
117	51.07759
118	45.606358
119	70.80251
120	94.7336
121	43.18712
122	40.078686
123	87.9603
124	96.21188
125	45.006855
126	53.82338
127	5.5470476
128	17.212818
129	19.895897
130	33.344837
131	58.29265
132	14.988711
133	19.497398
134	21.524418
135	0.11833575
136	45.41609
137	57.76925
138	1.5260527
139	36.26644
140	30.399052
141	33.92595
142	29.829746
143	29.496243
144	3.3912046
145	28.054842
146	38.31234
147	24.936497
148	13.695763
149	57.33536
150	5.7796
151	34.453865
152	31.024012
153	37.563908
154	25.571726
155	16.917109
156	25.970654
157	24.746077
158	35.61012
159	27.442268
160	45.89392
161	15.964622
162	23.309744
163	43.521618
164	59.554756
165	61.194923
166	73.2516
167	59.074986
168	76.60965
169	98.435555
170	85.99544
171	60.04379
172	95.28257
173	69.19109
174	53.236076
175	3.2547822
176	11.862668
177	34.144653
178	38.280136
179	24.976278
180	26.0704
181	55.579563
182	25.043816
183	31.232512
184	49.459377
185	34.73054
186	19.051954
187	24.739656
188	41.91144
189	13.606777
190	57.60779
191	19.768503
192	22.15298
193	12.473169
194	14.125904
195	45.842175
196	12.038284
197	43.732662
198	47.651752
199	36.245346
200	24.544117
201	29.96425
202	35.613815
203	53.067524
204	6.0815253
205	63.59347
206	97.90962
207	64.903206
208	77.89395
209	60.098297
210	91.901276
211	82.024826
212	88.34331
213	88.705246
214	67.1825
215	72.63962
216	68.791855
217	45.833504
218	79.53607
219	55.341602
220	89.25189
221	62.102814
222	94.76022
223	43.65022
224	64.570145
225	53.419224
226	86.306305
227	56.72167
228	76.76544
229	54.053658
230	60.050575
231	99.34531
232	88.17433
233	62.06925
234	64.41126
235	90.315
236	97.777664
237	53.557556
238	47.754295
239	97.321014
240	76.95365
241	66.61853
242	62.478973
243	76.4935
244	50.387188
245	47.17531
246	82.171936
247	96.67517
248	47.42853
249	73.631226
250	60.87456
251	64.88406
252	40.27092
253	59.568832
254	55.515244
255	60.10979
256	50.313004
257	62.406193
258	42.345284
259	78.233475
260	57.23034
261	69.284195
262	56.00357
263	94.86345
264	47.38123
265	55.404026
266	64.25083
267	52.20176
268	80.7092
269	42.649036
270	41.796898
271	66.305336
272	44.01197
273	55.600456
274	51.580364
275	45.29833
276	72.23001
277	97.05621
278	86.86003
279	59.496098
280	90.01608
281	50.162354
282	73.05293
283	42.7985
284	98.328804
285	88.228546
286	92.07066
287	91.15816
288	64.35344
289	50.235077
290	92.906044
291	43.81137
292	57.17537
293	86.846146
294	90.582886
295	78.62691
296	77.38177
297	62.31938
298	49.23336
299	70.31775
300	51.407955
301	75.74959
302	60.500214
303	90.76019
304	50.5601
305	42.572147
306	67.572525
307	43.08236
308	86.81601
309	97.37465
310	95.49962
311	56.03614
312	68.887665
313	80.4326
314	50.149845
315	82.598564
316	51.85413
317	56.30282
318	96.27295
319	41.48216
320	73.71794
321	60.30539
322	73.471466
323	55.753338
324	93.231445
325	63.647884
326	43.384457
327	59.749527
328	67.92063
329	76.01223
330	78.82311
331	78.54129
332	47.659508
333	80.132095
334	56.87236
335	80.34453
336	47.125984
337	60.861706
338	41.948086
339	53.588272
340	85.09575
341	53.303856
342	58.78243
343	44.41437
344	20.229362
345	21.02031
346	0.90705985
347	1.6059695
348	21.501217
349	24.612404
350	4.5800104
351	10.868792
352	24.454283
353	37.34569
354	1.8093083
355	24.752981
356	34.904785
357	23.750084
358	21.440382
359	36.228107
360	28.179148
361	54.97285
362	28.695791
363	18.094402
364	35.287735
365	22.040693
366	0.4135155
367	24.723097
368	29.388155
369	14.402073
370	17.870403
371	0.6113963
372	14.993823
373	31.362213
374	25.310387
375	52.88065
376	4.6515265
377	22.27553
378	8.994964
379	11.247154
380	22.76639
381	34.399044
382	23.092201
383	57.16152
384	48.01652
385	8.408668
386	0.14309692
387	54.013134
388	3.8581693
389	28.917973
390	0.97285956
391	22.456465
392	2.092855
393	31.825947
394	9.143689
395	15.590303
396	27.176281
397	58.17931
398	13.838826
399	59.466614
400	24.7779
401	14.098416
402	28.837149
403	33.331444
404	13.432059
405	9.30394
406	47.132187
407	26.051167
408	31.578747
409	22.89484
410	30.768879
411	0.3530857
412	23.873909
413	44.266457
414	3.6160157
415	44.810173
416	0.35638633
417	59.420746
418	11.0617285
419	34.92557
420	9.890527
421	58.409054
422	55.014053
423	59.223232
424	55.260597
425	28.26106
426	5.1080036
427	33.926807
428	21.37509
429	7.491789
430	27.665224
431	50.609764
432	50.24612
433	53.14192
434	2.721706
435	15.125414
436	16.741074
437	9.294849
438	16.333725
439	3.1763813
440	57.560764
441	7.1272964
442	0.39157045
443	18.058767
444	22.480307
445	30.788456
446	29.186825
447	6.7287526
448	2.247671
449	29.562958
450	16.998531
451	32.220287
452	32.54376
453	18.758026
454	15.403877
455	47.414978
456	30.449547
457	44.844326
458	0.08944077
459	40.82741
460	4.8457794
461	38.622536
462	4.614402
463	27.185532
464	48.34418
465	14.88325
466	6.5617704
467	41.814274
468	32.60944
469	37.27294
470	46.971172
471	37.91076
472	38.44778
473	15.463455
474	45.130466
475	40.500458
476	40.2295
477	85.09964
478	67.532135
479	67.76622
480	43.531776
481	62.32379
482	83.71382
483	44.311066
484	41.75012
485	74.110916
486	96.08093
487	67.50221
488	79.194046
489	47.55984
490	50.577335
491	57.831703
492	50.65081
493	71.78903
494	68.45131
495	51.559547
496	60.758064
497	44.99835
498	85.875374
499	56.70511
500	47.74224
501	77.95288
502	61.82653
503	67.578384
504	43.838593
505	88.0603
506	66.98695
507	77.59773
508	73.05002
509	70.247314
510	67.7057
511	74.408035
512	61.3954
513	82.46446
514	45.455353
515	86.13249
516	63.5809
517	71.1433
518	41.039814
519	87.64339
520	86.98132
521	95.52966
522	65.175705
523	53.1727
524	78.28873
525	72.86771
526	60.580452
527	99.67038
528	87.43767
529	70.29425
530	57.637
531	60.64074
532	80.84283
533	56.004875
534	87.320496
535	58.66198
536	91.63378
537	98.18259
538	50.28414
539	60.45611
540	97.40961
541	66.73478
542	76.99954
543	75.372986
544	63.256905
545	40.28031
546	84.54208
547	54.253635
548	69.08426
549	70.12598
550	75.493935
551	77.618164
552	50.15829
553	62.007088
554	2.9319043
555	2.74575
556	18.546753
557	59.239124
558	3.6069713
559	16.112307
560	22.866047
561	36.563103
562	58.98287
563	52.44845
564	4.4928
565	1.6548811
566	10.049539
567	16.160389
568	55.82148
569	19.954016
570	11.550603
571	0.051162872
572	6.4704566
573	13.706893
574	42.155243
575	16.344524
576	1.0591028
577	50.537136
578	31.14925
579	26.385876
580	29.757326
581	22.41559
582	9.059759
583	43.39907
584	5.218264
585	5.6005325
586	38.62807
587	46.17615
588	30.849443
589	5.392108
590	19.051495
591	24.143986
592	27.093788
593	33.91107
594	39.043095
595	14.743516
596	17.864376
597	11.2102375
598	2.6932259
599	33.35699
600	53.107098
601	17.393261
602	38.685642
603	9.244463
604	35.269466
605	31.326273
606	23.153084
607	30.760475
608	11.021848
609	27.174168
610	12.751333
611	6.0775065
612	35.79097
613	14.76998
614	30.634197
615	44.62079
616	37.884846
617	48.299717
618	18.576044
619	53.832397
620	8.347688
621	7.3280325
622	27.647425
623	1.8871478
624	8.120907
625	13.339623
626	9.003347
627	5.0498137
628	59.730125
629	1.0257092
630	9.698465
631	50.69945
632	29.530128
633	54.557793
634	18.26686
635	9.447674
636	6.156679
637	19.162022
638	20.5028
639	56.37809
640	10.592604
641	18.566383
642	28.508093
643	3.5726707
644	18.158243
645	58.330555
646	5.7377453
647	37.77889
648	53.398403
649	36.651676
650	9.699223
651	37.953568
652	34.23612
653	17.352083
654	30.591167
655	11.522315
656	4.2354817
657	31.43074
658	27.335905
659	10.907217
660	10.862458
661	53.73905
662	10.771263
663	0.38238987
664	8.926771
665	3.606756
666	5.1239705
667	12.633911
668	9.275091
669	28.145489
670	6.835139
671	50.650127
672	24.941261
673	3.1248817
674	45.82333
675	38.92555
676	24.278296
677	38.724976
678	10.097677
679	22.639067
680	14.56913
681	39.503223
682	15.251325
683	31.77886
684	8.154529
685	37.46025
686	3.9122262
687	35.452927
688	12.113476
689	54.712093
690	11.331393
691	29.049309
692	29.947124
693	3.1365874
694	20.038122
695	15.164496
696	33.99617
697	19.461237
698	5.2699337
699	31.878498
700	48.59681
701	2.053676
702	1.9585999
703	3.9519072
704	12.459094
705	51.028984
706	38.973923
707	55.220055
708	9.501252
709	52.561543
710	4.2825093
711	46.12548
712	30.18593
713	24.52146
714	26.510508
715	26.293701
716	31.188343
717	31.905588
718	31.728767
719	31.945375
720	35.01904
721	34.449833
722	51.38261
723	32.985397
724	26.492395
725	31.500221
726	59.393917
727	47.183857
728	10.39655
729	23.277634
730	14.16168
731	36.348583
732	46.77184
733	60.726498
734	55.99083
735	50.356255
736	74.04992
737	47.84152
738	49.270237
739	75.40196
740	59.131687
741	96.51984
742	50.169365
743	74.32723
744	83.27852
745	58.683907
746	52.715927
747	72.04044
748	65.81339
749	57.42366
750	47.80849
751	83.22743
752	63.89068
753	65.42915
754	49.83469
755	49.153225
756	50.188873
757	47.996414
758	61.052162
759	61.84291
760	70.37489
761	78.549545
762	67.42869
763	61.481163
764	88.53935
765	91.11485
766	55.283237
767	98.741684
768	23.22995
769	2.168045
770	33.03651
771	0.25445157
772	22.645914
773	27.681925
774	32.9886
775	2.0602186
776	8.834386
777	32.762814
778	3.7665987
779	3.7097826
780	42.301003
781	57.054398
782	29.508783
783	52.59191
784	42.81913
785	28.855639
786	13.899717
787	51.975708
788	21.520117
789	39.054234
790	26.06953
791	25.768661
792	31.873047
793	1.0852332
794	56.89148
795	35.29549
796	53.13271
797	32.951324
798	12.05709
799	23.769022
800	50.545155
801	27.849478
802	39.36845
803	35.50801
804	34.705532
805	17.548565
806	46.089825
807	11.486273
808	9.106876
809	1.7980434
810	7.290278
811	14.712509
812	1.9379809
813	49.835026
814	8.423236
815	5.212441
816	44.940712
817	14.5051365
818	44.236576
819	49.690575
820	24.613644
821	9.48216
822	3.6793694
823	10.30597
824	19.137589
825	21.74018
826	1.7330058
827	21.868856
828	44.11859
829	38.936607
830	24.92637
831	17.422504
832	23.96685
833	18.87515
834	12.002916
835	18.890085
836	14.926889
837	0.21170968
838	50.735947
839	30.20228
840	53.389755
841	30.483618
842	3.0223114
843	52.329052
844	30.817278
845	18.515192
846	33.393986
847	20.145044
848	39.679615
849	0.15069056
850	10.488774
851	4.3312416
852	53.219513
853	22.24987
854	18.720345
855	53.257744
856	11.607321
857	43.218746
858	72.08474
859	56.418373
860	51.12905
861	46.033123
862	95.099304
863	98.459854
864	49.423325
865	74.464455
866	91.28711
867	97.795654
868	78.34415
869	59.385338
870	52.165142
871	40.854477
872	67.48042
873	47.572163
874	67.55662
875	42.89175
876	56.95649
877	91.957016
878	80.79921
879	44.285328
880	65.826935
881	59.270206
882	40.985798
883	60.103027
884	89.12489
885	78.03965
886	88.779724
887	52.2383
888	49.245148
889	60.571037
890	63.256157
891	93.86171
892	59.582855
893	69.92927
894	72.709496
895	74.61589
896	58.505707
897	74.65544
898	93.41119
899	65.10877
900	78.912865
901	64.557755
902	87.62758
903	73.38432
904	67.47594
905	60.68639
906	42.623672
907	61.375557
908	67.959785
909	42.591415
910	66.24914
911	89.46899
912	74.662476
913	67.00304
914	88.94476
915	55.06337
916	45.908707
917	64.14104
918	94.03077
919	80.51867
920	78.977585
921	47.546516
922	74.816605
923	64.568924
924	62.465538
925	55.57526
926	80.127106
927	61.47945
928	60.274364
929	46.321568
930	42.417885
931	48.069305
932	3.5393434
933	20.309156
934	57.080246
935	25.457035
936	8.051409
937	19.405222
938	4.328231
939	30.219473
940	20.566843
941	29.44832
942	13.982161
943	49.199078
944	23.35111
945	11.335149
946	18.34864
947	28.989038
948	11.853814
949	10.921873
950	11.197544
951	25.135439
952	51.05075
953	0.20211387
