0	26.503616
1	39.462494
2	11.7872715
3	6.3042154
4	38.488033
5	44.672768
6	56.09277
7	59.841225
8	36.599686
9	14.60336
10	6.3443165
11	32.534462
12	37.829655
13	3.8201725
14	18.324642
15	22.275875
16	12.3367815
17	29.399128
18	10.551092
19	29.892965
20	56.36268
21	23.820625
22	9.040404
23	0.6498502
24	59.404713
25	4.036196
26	30.537695
27	15.193136
28	42.071484
29	53.38205
30	7.723939
31	15.494768
32	36.37321
33	2.6798408
34	26.212221
35	58.690094
36	13.5381565
37	37.26969
38	19.82903
39	5.098173
40	25.66566
41	27.525019
42	18.762999
43	9.18006
44	50.110462
45	22.419798
46	8.149686
47	37.894154
48	33.4662
49	7.36597
50	40.20894
51	3.129668
52	25.404032
53	1.8097764
54	24.212563
55	54.967472
56	9.872542
57	25.097847
58	53.40691
59	47.66305
60	9.34062
61	21.082455
62	56.68274
63	3.3651083
64	1.1516234
65	4.334816
66	50.485176
67	30.179594
68	7.538505
69	9.214764
70	3.8770988
71	11.3541765
72	1.0182736
73	32.94424
74	17.821245
75	27.150549
76	13.248837
77	37.99712
78	23.821535
79	2.92604
80	9.294642
81	4.6739454
82	38.52501
83	0.8394495
84	16.390066
85	2.446269
86	11.172796
87	21.551352
88	42.15342
89	14.13256
90	23.586273
91	1.9649094
92	57.282036
93	59.479786
94	9.584236
95	50.94105
96	5.5834017
97	30.609562
98	36.147484
99	7.894923
100	24.617353
101	36.42701
102	9.516586
103	30.27609
104	33.142937
105	25.086706
106	50.293663
107	17.412779
108	16.883545
109	3.5262094
110	5.8610682
111	21.434002
112	51.43926
113	57.81305
114	59.606373
115	59.993923
116	35.110077
117	13.429683
118	28.9077
119	31.940828
120	31.6896
121	3.0150778
122	34.836094
123	4.4137497
124	14.478729
125	38.262302
126	10.795665
127	5.8927374
128	26.666414
129	23.318596
130	2.1988218
131	59.550236
132	25.143003
133	19.5032
134	10.35863
135	51.8319
136	18.26247
137	15.8183775
138	2.496389
139	30.296543
140	39.49049
141	48.700684
142	28.715084
143	5.613884
144	13.877034
145	26.048138
146	9.62249
147	40.543953
148	39.009758
149	17.354532
150	15.298739
151	19.244516
152	36.66558
153	18.993181
154	26.204844
155	22.905298
156	29.64467
157	15.160019
158	26.94956
159	1.7841152
160	31.64712
161	49.889328
162	52.231762
163	16.449509
164	15.001519
165	28.442019
166	12.7739725
167	30.330814
168	0.58917266
169	23.371952
170	18.81794
171	16.721947
172	21.595827
173	13.289328
174	37.136127
175	12.385253
176	42.47645
177	32.077557
178	17.012503
179	18.58789
180	30.792112
181	57.54196
182	45.526237
183	13.49642
184	14.760298
185	1.2298876
186	54.377464
187	40.210224
188	27.683088
189	1.3550162
190	10.53631
191	47.57319
192	39.125427
193	3.2767882
194	19.747662
195	5.9932957
196	12.704426
197	6.934418
198	34.6035
199	24.59038
200	42.442272
201	28.745497
202	28.613552
203	11.781155
204	17.34871
205	54.919903
206	14.337068
207	31.649656
208	2.3745966
209	11.978291
210	34.562866
211	39.531616
212	11.303525
213	31.13234
214	39.74884
215	52.027466
216	44.838383
217	14.363665
218	27.73417
219	27.73366
220	15.544305
221	17.85799
222	48.369602
223	20.3968
224	11.095977
225	9.75221
226	41.489067
227	19.983606
228	27.03055
229	37.650757
230	4.8841653
231	48.37097
232	2.0227337
233	18.793867
234	21.14376
235	22.372454
236	12.634921
237	13.319058
238	19.850847
239	5.041796
240	12.357259
241	36.808804
242	17.751236
243	6.12095
244	26.935816
245	45.207104
246	22.15403
247	56.953087
248	39.536434
249	26.947935
250	22.201826
251	39.30427
252	55.331516
253	36.925243
254	8.08568
255	19.702005
256	13.531472
257	14.800049
258	48.4739
259	16.44566
260	34.52815
261	52.05407
262	53.970383
263	3.64323
264	36.88858
265	51.679424
266	57.999363
267	0.22996819
268	21.780552
269	14.584087
270	0.47209558
271	57.869755
272	5.974878
273	24.541761
274	5.212355
275	27.033491
276	25.700113
277	53.69346
278	14.772738
279	29.238665
280	48.278557
281	53.76746
282	2.542195
283	29.22836
284	56.096203
285	22.341948
286	4.480446
287	8.145063
288	5.472186
289	32.562386
290	21.081509
291	15.03236
292	25.967632
293	36.586613
294	55.110603
295	9.59912
296	13.174352
297	15.874334
298	6.654282
299	57.185127
300	27.031416
301	44.187523
302	14.65906
303	15.830905
304	8.986843
305	51.94847
306	16.06278
307	29.089838
308	12.4682865
309	31.182299
310	35.865604
311	7.724598
312	17.069277
313	23.32408
314	29.041162
315	55.088203
316	29.866123
317	11.892294
318	26.382887
319	32.113087
320	16.97144
321	14.800821
322	41.001457
323	31.762575
324	31.872059
325	15.79409
326	50.11313
327	27.545923
328	37.441483
329	10.026967
330	51.81271
331	38.180332
332	9.740343
333	36.34517
334	53.652985
335	56.016712
336	12.5693655
337	24.226265
338	23.64936
339	10.929126
340	39.932865
341	26.22997
342	41.707287
343	5.09154
344	35.448368
345	8.363901
346	25.157991
347	24.53802
348	36.17639
349	16.568672
350	1.1753023
351	14.448734
352	3.0057547
353	36.318714
354	8.336849
355	47.36988
356	38.052666
357	39.945133
358	22.408728
359	18.143526
360	15.05966
361	43.535324
362	29.138792
363	13.527695
364	59.000988
365	27.619635
366	3.8421052
367	14.648676
368	36.291798
369	27.206367
370	0.1580732
371	16.786224
372	4.301366
373	56.741432
374	32.020374
375	23.090757
376	17.3003
377	21.061457
378	20.693686
379	15.746479
380	10.083748
381	10.010805
382	13.945247
383	10.451637
384	31.443033
385	55.254562
386	25.056192
387	36.32307
388	2.1382892
389	35.968815
390	11.921872
391	55.73536
392	3.9481206
393	41.5881
394	12.750072
395	45.738358
396	11.840612
397	10.779722
398	17.654018
399	16.599937
400	21.06253
401	34.69169
402	40.437027
403	28.020903
404	25.94364
405	32.675884
406	32.563305
407	9.166447
408	8.142651
409	0.8503462
410	24.72836
411	28.877913
412	49.623856
413	35.99849
414	1.9761913
415	4.161283
416	36.68489
417	8.828872
418	32.242947
419	6.583297
420	14.293199
421	36.07325
422	48.72269
423	13.098634
424	51.77596
425	50.604374
426	34.139374
427	12.057399
428	36.214188
429	40.010555
430	39.352734
431	31.510952
432	27.265707
433	57.656445
434	4.4388256
435	32.558548
436	2.0465524
437	37.74905
438	0.20592912
439	13.061986
440	7.6433163
441	7.8700767
442	32.763527
443	48.02389
444	21.217003
445	21.931477
446	39.83774
447	38.98203
448	9.409142
449	38.948586
450	36.54541
451	34.065613
452	7.6957994
453	45.016895
454	26.378431
455	15.837305
456	38.84427
457	21.941566
458	19.542637
459	49.653603
460	4.1074624
461	19.144869
462	53.305973
463	45.600533
464	6.489273
465	5.7172756
466	25.91944
467	43.08284
468	38.723534
469	28.069353
470	25.77931
471	38.764267
472	6.915026
473	6.461428
474	26.92086
475	53.894066
476	38.308094
477	16.671915
478	3.9081237
479	0.34916633
480	41.183327
481	16.583948
482	46.370308
483	0.8889812
484	12.780309
485	20.845093
486	19.224392
487	16.721918
488	4.8672547
489	9.894687
490	38.804256
491	37.330597
492	0.6479919
493	22.114256
494	39.40928
495	38.184803
496	52.6272
497	31.648024
498	34.558598
499	44.527985
500	45.219643
501	90.16316
502	94.02535
503	44.7443
504	90.79794
505	41.52375
506	51.357452
507	53.75078
508	77.24194
509	75.55653
510	47.1315
511	68.590385
512	79.82913
513	70.135796
514	56.61045
515	73.788994
516	73.771194
517	67.304474
518	54.208656
519	71.95446
520	50.527412
521	57.130447
522	50.55759
523	58.665913
524	85.221176
525	97.42549
526	44.790188
527	60.9905
528	67.40461
529	55.94727
530	66.900604
531	77.46319
532	59.505768
533	59.51474
534	41.163456
535	62.78521
536	89.40518
537	55.161972
538	76.36669
539	82.03253
540	58.616863
541	68.11424
542	71.13163
543	40.07802
544	78.50127
545	58.27657
546	78.12459
547	57.809937
548	74.84753
549	63.11596
550	81.68697
551	78.2334
552	59.697845
553	76.63548
554	54.75863
555	82.670166
556	58.446743
557	91.57927
558	72.9415
559	60.02616
560	40.033245
561	85.074196
562	76.1488
563	40.474957
564	48.454086
565	56.605366
566	61.507122
567	78.90947
568	94.86127
569	97.27382
570	95.30197
571	60.861042
572	42.99595
573	61.11753
574	76.727875
575	79.33943
576	59.790405
577	62.474724
578	57.297897
579	70.60125
580	81.44274
581	52.881233
582	71.15457
583	97.51633
584	44.618507
585	83.85486
586	68.08444
587	44.07614
588	81.07892
589	41.142796
590	47.845783
591	76.874695
592	54.913094
593	61.831577
594	58.114777
595	97.444374
596	85.47681
597	59.464836
598	84.993034
599	53.381866
600	63.24492
601	74.2489
602	66.880516
603	92.03794
604	89.10277
605	48.6567
606	77.77927
607	51.419483
608	51.141247
609	70.149124
610	77.16855
611	59.11501
612	69.84955
613	61.40498
614	71.06599
615	70.62123
616	42.69761
617	74.329704
618	66.800064
619	94.63962
620	59.82257
621	85.61699
622	92.55385
623	64.72831
624	83.88143
625	58.76609
626	51.900528
627	44.13626
628	59.692955
629	68.606316
630	51.816227
631	58.257736
632	43.118896
633	67.19838
634	45.68481
635	56.128838
636	56.1029
637	75.12535
638	78.61478
639	79.35121
640	85.26227
641	79.14546
642	53.257175
643	69.71799
644	82.71006
645	96.15155
646	68.55818
647	82.40908
648	71.221954
649	52.612576
650	48.350777
651	63.59234
652	81.51996
653	58.928658
654	51.925957
655	81.62196
656	54.213528
657	62.96593
658	96.19107
659	78.571335
660	61.736725
661	74.651886
662	94.59779
663	54.036747
664	60.045235
665	74.05101
666	68.53061
667	97.98357
668	85.86932
669	45.456997
670	45.575726
671	80.15283
672	89.833984
673	40.21654
674	48.646584
675	64.52406
676	47.604
677	43.062077
678	75.53132
679	89.77624
680	42.723747
681	46.844116
682	68.6233
683	42.023464
684	51.935913
685	72.171616
686	81.2838
687	55.700645
688	50.785965
689	91.91112
690	53.02656
691	45.93166
692	47.585052
693	42.293377
694	42.856144
695	98.709015
696	63.78368
697	52.94248
698	60.18903
699	51.092438
700	86.71866
701	74.33396
702	99.797455
703	43.57763
704	73.4218
705	80.308655
706	42.449116
707	75.220085
708	43.2762
709	68.31739
710	76.25178
711	74.73735
712	81.23065
713	63.989265
714	74.735916
715	48.86372
716	86.60103
717	78.40679
718	55.465508
719	87.7819
720	97.43977
721	59.402027
722	85.106735
723	79.66537
724	67.07707
725	89.53405
726	96.65823
727	55.937496
728	74.74519
729	45.750294
730	42.514988
731	41.39361
732	47.444584
733	83.75485
734	67.91757
735	46.242214
736	71.40213
737	61.603897
738	92.43747
739	56.537903
740	87.84068
741	80.980965
742	97.72383
743	68.00105
744	68.630325
745	67.50147
746	41.76925
747	77.60226
748	40.508953
749	72.99243
750	68.828125
751	97.47457
752	68.73038
753	70.05264
754	65.01808
755	74.38458
756	40.718285
757	58.15641
758	99.78863
759	78.38639
760	88.698715
761	78.863335
762	41.99734
763	65.293526
764	90.18086
765	74.97175
766	93.473564
767	53.616272
768	48.127083
769	65.22802
770	50.107677
771	46.586617
772	98.98256
773	55.699432
774	70.44972
775	86.54024
776	44.34423
777	50.823227
778	62.055862
779	72.56033
780	69.08452
781	74.53266
782	78.64142
783	56.359406
784	56.86686
785	65.4373
786	92.50598
787	86.43207
788	62.96207
789	88.65875
790	56.004593
791	55.59799
792	71.72415
793	42.203632
794	89.057014
795	53.242775
796	72.86248
797	40.44467
798	54.167824
799	86.049675
800	70.23883
801	40.54189
802	90.58284
803	66.9857
804	75.354034
805	57.354763
806	93.31875
807	85.1874
808	67.441315
809	50.98405
810	75.562126
811	42.679512
812	59.597614
813	97.50328
814	46.832733
815	52.104843
816	53.393585
817	74.93651
818	57.180862
819	64.72969
820	71.86085
821	98.23295
822	40.696316
823	59.601734
824	57.3326
825	65.74064
826	55.221504
827	81.787125
828	77.887924
829	67.26262
830	74.49533
831	98.39712
832	98.87906
833	46.990784
834	63.559155
835	41.215206
836	74.23038
837	45.640373
838	77.37139
839	98.13252
840	82.91904
841	61.0857
842	68.15074
843	69.91918
844	67.34354
845	71.28422
846	42.11646
847	54.73678
848	53.29219
849	90.79321
850	47.65709
851	62.743355
852	63.958885
853	50.79303
854	61.283752
855	83.5798
856	71.41719
857	95.19999
858	42.043415
859	59.82115
860	45.81495
861	58.86354
862	46.385796
863	63.868088
864	77.22359
865	61.94052
866	64.623146
867	93.80107
868	94.081024
869	42.79877
870	80.32341
871	74.83617
872	43.84413
873	53.108047
874	78.28253
875	44.10126
876	62.822548
877	47.95247
878	51.91919
879	47.907986
880	63.89169
881	44.125484
882	86.029045
883	67.590515
884	66.42137
885	61.100338
886	79.99904
887	67.316925
888	69.87296
889	62.054287
890	95.80944
891	59.23751
892	74.69156
893	53.238914
894	53.406887
895	47.06694
896	62.955883
897	74.83177
898	43.73264
899	81.47432
900	53.703663
901	93.255714
902	61.11894
903	70.32254
904	85.55182
905	94.39017
906	71.65188
907	69.48294
908	57.88366
909	64.86456
910	81.41121
911	58.05196
912	76.548584
913	44.11415
914	74.32402
915	90.52058
916	71.30172
917	75.2767
918	50.76332
919	71.930336
920	40.77415
921	48.41372
922	59.0782
923	48.798054
924	51.61536
925	58.67678
926	59.148216
927	59.32041
928	65.318634
929	52.32347
930	42.687027
931	79.01471
932	92.86538
933	41.530506
934	62.935226
935	69.43239
936	81.74042
937	42.438297
938	78.33833
939	79.5446
940	90.44313
941	65.882034
942	32.152782
943	39.05504
944	33.813816
945	34.70939
946	13.604807
947	11.151013
948	14.387048
949	30.951803
950	33.681755
951	4.864968
952	48.578644
953	16.83963
954	6.590151
955	20.178974
956	48.38833
957	55.076393
958	45.183426
959	18.961607
960	14.985617
961	43.666126
962	37.95215
963	28.275957
964	16.228458
965	23.87891
966	17.564362
967	24.756298
968	9.302796
969	18.684532
970	30.823866
971	29.144438
972	3.012295
973	45.47345
974	29.555311
975	47.377308
976	36.510536
977	52.781048
978	45.492424
979	35.73941
980	18.51546
981	37.579178
982	35.818806
983	22.07407
984	14.009428
985	37.257465
986	3.0403435
987	4.6496964
988	4.6413164
989	32.08591
990	29.907618
991	20.925188
992	33.207222
993	6.391959
994	37.079323
995	13.719301
996	37.371517
997	24.751335
998	18.815424
999	33.784317
1000	23.200191
1001	3.1835778
1002	0.21141745
1003	4.2949076
1004	5.1134863
1005	54.6595
1006	8.332639
1007	58.638756
1008	5.525057
1009	23.16923
1010	19.080359
1011	34.221638
1012	4.7200437
1013	31.16588
1014	31.718931
1015	26.994682
1016	39.434555
1017	11.391353
1018	33.716026
1019	2.915273
1020	27.134247
1021	15.907119
1022	36.58513
1023	44.857124
1024	38.148342
1025	39.26852
1026	16.0789
1027	12.707214
1028	31.325281
1029	24.301254
1030	2.6725576
1031	36.760532
1032	16.629265
1033	56.23724
1034	13.192224
1035	19.930187
1036	54.21603
1037	21.733952
1038	16.175776
1039	31.446106
1040	11.591368
1041	22.14082
1042	13.127176
1043	2.6694336
1044	35.63665
1045	22.347967
1046	19.72047
1047	47.202377
1048	36.323112
1049	12.583751
1050	29.253359
1051	25.098778
1052	4.6845727
1053	31.85555
1054	4.216252
1055	5.375403
1056	2.9002917
1057	26.547922
1058	16.6159
1059	41.879967
1060	13.264586
1061	31.777279
1062	18.936026
1063	21.465557
1064	48.946087
1065	28.393764
1066	4.5494156
1067	48.092133
1068	39.655045
1069	39.303066
1070	35.631187
1071	57.573044
1072	16.511446
1073	57.261265
1074	34.608536
1075	44.70391
1076	37.27568
1077	19.808859
1078	35.359913
1079	5.9726515
1080	26.70672
1081	12.041138
1082	19.109373
1083	0.08098134
1084	39.96523
1085	32.35904
1086	25.847818
1087	32.940582
1088	44.79374
1089	13.812915
1090	3.21623
1091	10.328493
1092	34.18444
1093	36.763508
1094	25.852428
1095	8.439613
1096	9.901377
1097	53.50535
1098	27.101364
1099	4.2803106
1100	37.94659
1101	27.00153
1102	33.524094
1103	39.663498
1104	38.407284
1105	33.00788
1106	11.800823
1107	20.006973
1108	14.093844
1109	7.618391
1110	7.4084983
1111	12.203203
1112	4.9761224
1113	40.642605
1114	34.86356
1115	4.5201488
1116	18.648119
1117	59.229725
1118	8.379903
1119	34.748074
1120	19.977514
1121	29.146082
1122	27.145966
1123	19.92706
1124	5.9189644
1125	35.87956
1126	32.77978
1127	50.427525
1128	11.217494
1129	23.935036
1130	13.946662
1131	17.162216
1132	1.6882046
1133	18.89538
1134	4.4776764
1135	5.5868697
1136	1.0873481
1137	29.198605
1138	48.371326
1139	19.414425
1140	22.766382
1141	11.348856
1142	8.083199
1143	42.10911
1144	10.369492
1145	14.719102
1146	23.735487
1147	32.311245
1148	28.708794
1149	21.97766
1150	39.940018
1151	31.044193
1152	25.239483
1153	17.951359
1154	2.4981718
1155	27.508396
1156	54.144524
1157	29.542248
1158	35.058662
1159	34.5761
1160	0.0332456
1161	4.5516977
1162	57.126793
1163	11.478909
1164	57.616367
1165	12.356351
1166	27.326353
1167	1.799075
1168	7.2076144
1169	13.019643
1170	1.8090785
1171	9.294287
1172	58.313847
1173	24.314238
1174	59.43219
1175	27.565165
1176	22.560741
1177	53.109142
1178	8.415461
1179	32.41689
1180	12.778142
1181	6.425159
1182	16.050707
1183	36.25483
1184	10.451601
1185	24.852413
1186	35.00449
1187	20.633854
1188	39.141525
1189	43.76611
1190	45.010426
1191	55.3309
1192	33.39747
1193	25.719433
1194	1.5627903
1195	7.090393
1196	48.645164
1197	3.427161
1198	20.390135
1199	16.56458
1200	34.362225
1201	6.4044194
1202	7.376782
1203	51.11363
1204	21.681595
1205	30.841547
1206	32.405838
1207	34.155453
1208	40.758957
1209	18.044552
1210	13.0026455
1211	13.359835
1212	9.74519
1213	31.632242
1214	21.841925
1215	35.348457
1216	14.163243
1217	31.278692
1218	15.560512
1219	19.972887
1220	59.180347
1221	9.01244
1222	31.321653
1223	20.856985
1224	42.93585
1225	18.976437
1226	37.50219
1227	31.383736
1228	26.666714
1229	8.004201
1230	24.361704
1231	32.135582
1232	18.10536
1233	51.013386
1234	41.887394
1235	7.8169074
1236	52.064465
1237	16.914955
1238	31.869106
1239	22.535051
1240	4.612149
1241	6.2422695
1242	39.22253
1243	31.81546
1244	35.943485
1245	21.761774
1246	57.340702
1247	26.841417
1248	2.4698646
1249	17.84585
1250	59.05673
1251	53.674164
1252	8.4597435
1253	39.182705
1254	12.967206
1255	37.87899
1256	20.864088
1257	18.843294
1258	22.772972
1259	2.7715132
1260	17.614546
1261	8.269379
1262	3.774919
1263	15.148723
1264	9.71512
1265	6.5431843
1266	15.882475
1267	10.135006
1268	19.137804
1269	58.089867
1270	19.740368
1271	12.827281
1272	31.270828
1273	37.53442
1274	14.384714
1275	7.2159886
1276	34.04436
1277	19.178486
1278	34.956985
1279	26.13875
1280	47.324966
1281	27.815052
1282	14.649531
1283	12.488532
1284	6.9323487
1285	28.870852
1286	31.077454
1287	4.2762537
1288	52.01635
1289	34.218204
1290	4.2785635
1291	29.81928
1292	34.757603
1293	3.40202
1294	34.222622
1295	37.293797
1296	25.173061
1297	57.33018
1298	22.393463
1299	27.766773
1300	19.527418
1301	41.14964
1302	53.43335
1303	0.62395656
1304	27.81971
1305	13.158238
1306	32.26761
1307	35.662483
1308	30.94117
1309	3.1316829
1310	35.643024
1311	19.323238
1312	2.9367054
1313	24.084358
1314	54.77185
1315	29.087416
1316	15.330716
1317	18.301607
1318	36.695137
1319	13.822554
1320	56.23756
1321	35.596004
1322	20.796745
1323	21.2898
1324	6.900927
1325	7.6852508
1326	36.590824
1327	12.951508
1328	10.026213
1329	9.008644
1330	1.0981185
1331	13.7165
1332	47.643696
1333	5.748675
1334	13.676815
1335	31.786932
1336	36.932667
1337	37.760963
1338	30.921108
1339	37.734333
1340	39.975677
1341	29.17026
1342	35.584988
1343	0.5480367
1344	2.3501701
1345	24.161098
1346	3.947264
1347	30.842613
1348	39.37121
1349	38.73278
1350	34.009815
1351	33.7961
1352	32.92211
1353	52.74423
1354	44.89738
1355	34.475853
1356	25.43155
1357	26.777807
1358	38.7605
1359	4.835328
1360	28.320648
1361	15.140978
1362	49.063187
1363	56.049408
1364	9.340338
1365	38.190968
1366	22.897709
1367	25.539783
1368	11.6554
1369	3.6149738
1370	24.733986
1371	39.506096
1372	0.16106926
1373	37.631996
1374	20.223042
1375	24.104445
1376	17.051828
1377	32.319843
1378	55.609283
1379	55.16163
1380	55.07091
1381	17.059494
1382	31.549
1383	33.05481
1384	25.240503
1385	45.711334
1386	8.478416
1387	11.202429
1388	26.188232
1389	24.083878
1390	31.097954
1391	38.0988
1392	43.51951
1393	24.986649
1394	28.771015
1395	22.12377
1396	6.316271
1397	25.661844
1398	13.24496
1399	51.719803
1400	23.402103
1401	12.502601
1402	32.708538
1403	55.65872
1404	4.218019
1405	17.750925
1406	54.266468
1407	20.718025
1408	37.53222
1409	3.2783449
1410	35.603268
1411	17.309484
1412	55.21097
1413	7.5876646
1414	23.952648
1415	25.82325
1416	26.590492
1417	37.16376
1418	10.532106
1419	20.13861
1420	6.491943
1421	54.332973
1422	17.752974
1423	19.017046
1424	30.687853
1425	50.932068
1426	3.5047567
1427	23.041367
1428	32.585068
1429	36.795967
1430	30.470747
1431	9.453093
1432	13.312304
1433	10.206921
1434	20.707045
1435	8.80125
1436	21.11945
1437	57.602787
1438	3.8426723
1439	39.62303
1440	34.49274
1441	24.662739
1442	3.7854493
1443	35.194008
1444	35.47486
1445	10.65774
1446	36.955345
1447	9.042364
1448	9.957594
1449	37.851673
1450	8.720665
1451	23.888538
1452	31.809162
1453	8.327628
1454	6.623361
1455	12.539016
1456	28.992722
1457	51.365715
1458	31.58967
1459	52.329067
1460	43.80179
1461	14.177298
1462	28.005201
1463	3.6998029
1464	21.478607
1465	49.046165
1466	55.620094
1467	59.62889
1468	8.942663
1469	27.437685
1470	28.66894
1471	42.11148
1472	2.1871076
1473	36.45611
1474	14.252076
1475	32.063763
1476	2.8062701
1477	41.861057
1478	51.41466
1479	38.39152
1480	8.148928
1481	17.868244
1482	21.293146
1483	0.66890705
1484	2.78353
1485	23.056585
1486	36.88439
1487	15.525918
1488	13.92598
1489	20.080748
1490	30.053162
1491	34.543762
1492	32.236397
1493	7.0912676
1494	1.9691474
1495	1.8194739
1496	25.122866
1497	27.317877
1498	3.6684556
1499	8.798121
1500	57.03028
1501	31.963198
1502	13.356215
1503	17.974699
1504	12.227615
1505	35.87026
1506	37.322006
1507	46.69686
1508	27.267065
1509	45.368755
1510	2.7873802
1511	7.2312284
1512	25.003948
1513	38.703205
1514	51.421173
1515	12.712493
1516	35.53433
1517	27.18294
1518	24.75558
1519	11.937766
1520	39.856598
1521	31.92542
1522	28.325855
1523	10.87626
1524	11.608241
1525	6.027292
1526	30.571743
1527	37.76919
1528	5.3659205
1529	29.3297
1530	38.65407
1531	8.245673
1532	12.168551
1533	37.079926
1534	13.866745
1535	24.099524
1536	12.320421
1537	0.28429368
1538	12.265193
1539	48.680138
1540	51.286793
1541	24.09777
1542	48.398125
1543	47.127625
1544	18.967896
1545	35.878815
1546	9.512198
1547	38.00085
1548	36.02661
1549	16.531965
1550	28.215446
1551	1.7267051
1552	36.744904
1553	25.590464
1554	32.6615
1555	26.538015
1556	32.34961
1557	29.058489
1558	56.42233
1559	14.568632
1560	5.3614025
1561	19.884483
1562	9.70659
1563	29.523552
1564	16.30596
1565	16.974997
1566	13.68137
1567	39.118477
1568	19.261957
1569	17.035784
1570	43.439335
1571	45.752113
1572	54.15834
1573	28.47482
1574	2.0827563
1575	52.211678
1576	10.650076
1577	17.223038
1578	33.535686
1579	16.825619
1580	47.90211
1581	37.187233
1582	21.655155
1583	6.3704405
1584	21.48857
1585	25.16355
1586	14.076856
1587	22.793388
1588	19.549147
1589	46.903313
1590	11.494191
1591	15.836563
1592	5.543825
1593	43.78839
1594	36.82302
1595	7.0561914
1596	2.5467575
1597	2.201357
1598	23.489317
1599	45.31321
1600	35.92314
1601	11.524884
1602	5.4666567
1603	32.167614
1604	32.0218
1605	51.83774
1606	10.908378
1607	3.3897803
1608	33.57354
1609	37.90004
1610	58.84366
1611	6.7224574
1612	17.377455
1613	21.948275
1614	15.371355
1615	23.262428
1616	24.070816
1617	37.05362
1618	7.477225
1619	56.68603
1620	27.844393
1621	47.603718
1622	13.139348
1623	34.111
1624	17.793571
1625	30.518335
1626	13.147876
1627	57.811394
1628	10.816234
1629	39.5133
1630	14.864556
1631	38.859512
1632	24.74485
1633	20.676613
1634	22.480574
1635	12.502497
1636	53.296547
1637	2.8045871
1638	31.656656
1639	35.45608
1640	10.203893
1641	27.442827
1642	30.164562
1643	26.730928
1644	34.03556
1645	3.7685657
1646	42.12426
1647	54.363064
1648	54.538998
1649	50.039925
1650	17.202393
1651	11.984942
1652	2.5834215
1653	24.816586
1654	22.373941
1655	19.865812
1656	10.028416
1657	31.532822
1658	35.135525
1659	30.035892
1660	51.358673
1661	25.44076
1662	3.8863757
1663	26.131
1664	47.575493
1665	59.402733
1666	35.85013
1667	30.061419
1668	43.213177
1669	18.899385
1670	4.2408047
1671	7.7678986
1672	58.16377
1673	18.514742
1674	35.370586
1675	6.7609158
1676	58.975155
1677	10.981163
1678	28.711319
1679	34.650726
1680	26.474476
1681	1.8405311
1682	4.481171
1683	13.765051
1684	9.927989
1685	18.884827
1686	2.3161023
1687	53.6382
1688	31.26801
1689	14.724464
1690	3.698136
1691	27.083448
1692	19.609213
1693	34.31391
1694	35.571354
1695	0.2461341
1696	44.101078
1697	11.731453
1698	35.692535
1699	13.434307
1700	58.163425
1701	25.509983
1702	25.26328
1703	54.523865
1704	53.151836
1705	26.815699
1706	59.390488
1707	11.735025
1708	44.499916
1709	19.77156
1710	30.922106
1711	17.577015
1712	38.385242
1713	38.222427
1714	28.204975
1715	20.757833
1716	51.965843
1717	48.23867
1718	32.311687
1719	7.8559904
1720	25.234129
1721	30.655247
1722	58.491016
1723	32.51743
1724	19.15954
1725	30.742014
1726	0.8424248
1727	29.124224
1728	53.102997
1729	19.922623
1730	49.85048
1731	55.15254
1732	48.690155
1733	23.588116
1734	3.4434454
1735	48.74904
1736	3.6557298
1737	34.238346
1738	18.601002
1739	36.17697
1740	51.358955
1741	30.234264
1742	0.9814565
1743	2.8828895
1744	46.650097
1745	10.783658
1746	19.941908
1747	0.3362636
1748	13.733153
1749	6.5134664
1750	39.624416
1751	25.9296
1752	22.740303
1753	49.24143
1754	27.300173
1755	12.9019985
1756	32.978893
1757	52.930435
1758	39.72294
1759	32.070595
1760	25.18101
1761	53.66997
1762	45.455025
1763	39.510403
1764	12.273644
1765	5.3967905
1766	27.780184
1767	30.949743
1768	44.56173
1769	31.052649
1770	50.293823
1771	28.845182
1772	58.504017
1773	18.038157
1774	11.737406
1775	21.975647
1776	55.51242
1777	33.418503
1778	35.294594
1779	5.022684
1780	44.688465
1781	38.896606
1782	7.2586613
1783	11.299884
1784	35.44373
1785	22.841045
1786	46.47299
1787	25.899212
1788	52.561657
1789	59.912228
1790	34.21974
1791	45.325775
1792	38.644928
1793	7.316142
1794	0.76724494
1795	19.403221
1796	8.204677
1797	10.449215
1798	19.455217
1799	6.292478
1800	37.09241
1801	19.394712
1802	34.547707
1803	25.569752
1804	9.990695
1805	30.291067
1806	11.3957615
1807	20.658916
1808	48.255917
1809	58.886242
1810	36.892406
1811	26.23393
1812	12.917829
1813	24.054184
1814	29.076
1815	11.496786
1816	52.72484
1817	28.94515
1818	46.140945
1819	32.367073
1820	48.00477
1821	18.706535
1822	39.053856
1823	1.7592996
1824	33.89599
1825	41.66648
1826	34.352455
1827	59.22659
1828	7.4560137
1829	38.668114
1830	53.35681
1831	39.340923
1832	4.8933682
1833	37.976303
1834	11.464861
1835	8.731859
1836	25.094646
1837	58.178783
1838	26.203953
1839	26.705566
1840	0.6186023
1841	24.034878
1842	43.81152
1843	22.615479
1844	26.02187
1845	59.414616
1846	53.471455
1847	19.978333
1848	59.143475
1849	11.987805
1850	0.9336471
1851	10.730523
1852	38.119072
1853	18.488432
1854	34.764736
1855	43.600864
1856	39.5306
1857	14.201631
1858	7.396159
1859	23.758562
1860	5.6359186
1861	22.047749
1862	7.570539
1863	16.07352
1864	3.1848319
1865	30.69924
1866	5.6451917
1867	38.382786
1868	27.065495
1869	1.4145982
1870	35.561844
1871	18.434954
1872	28.702965
1873	29.761204
1874	25.904512
1875	13.184418
1876	54.131847
1877	20.19167
1878	5.1203246
1879	26.476095
1880	20.147684
1881	22.514357
1882	54.616505
1883	30.253256
1884	0.57167876
1885	54.935417
1886	3.4908319
1887	21.764872
1888	47.397396
1889	28.985254
1890	6.9377213
1891	35.84167
1892	11.426505
1893	36.807446
1894	50.962486
1895	55.742184
1896	19.188993
1897	25.307596
1898	31.121536
1899	38.002888
1900	37.687424
1901	25.591475
1902	21.219875
1903	3.4760811
1904	8.314552
1905	38.823105
1906	0.30825326
1907	57.244045
1908	14.567589
1909	23.01255
1910	22.317028
1911	50.220158
1912	30.155388
1913	14.661978
1914	31.117256
1915	14.97606
1916	29.012701
1917	8.005583
1918	1.982183
1919	39.838306
1920	3.3324296
1921	40.794197
1922	44.223
1923	23.82347
1924	3.652136
1925	41.343765
1926	6.444418
1927	15.486535
1928	39.571644
1929	21.039139
1930	41.14227
1931	9.060566
1932	34.77362
1933	12.215077
1934	14.815041
1935	10.3095
1936	15.019008
1937	56.3363
1938	14.76117
1939	9.5159445
1940	16.618694
1941	3.6325955
1942	6.280166
1943	29.77475
1944	16.513369
1945	8.649456
1946	28.590673
1947	51.447197
1948	9.053329
1949	2.4827023
1950	21.558233
1951	18.232946
1952	57.838875
1953	21.732075
1954	25.980497
1955	20.831753
1956	43.898872
1957	31.783115
1958	12.006882
1959	41.86213
1960	46.58038
1961	8.597719
1962	33.349895
1963	15.291901
1964	55.70792
1965	0.48791674
1966	40.713158
1967	20.618176
1968	57.601425
1969	49.889534
1970	30.441296
1971	9.315962
1972	28.806837
1973	59.81118
1974	21.9141
1975	10.886138
1976	37.47966
1977	38.19478
1978	34.981667
1979	31.750519
1980	13.357938
1981	51.902195
1982	44.37335
1983	13.362036
1984	49.486713
1985	16.658304
1986	4.867027
1987	50.320793
1988	1.8559408
1989	32.93373
1990	38.953888
1991	29.437433
1992	10.046427
1993	26.297125
1994	39.751526
1995	38.694775
1996	3.7631228
1997	19.308672
1998	2.7889903
1999	36.15575
2000	8.778587
2001	34.256805
2002	31.609205
2003	52.54486
2004	3.24646
2005	33.47218
2006	24.617693
2007	38.181446
2008	8.034682
2009	24.891954
2010	34.974525
2011	2.3116512
2012	35.375385
2013	13.421147
2014	0.32635334
2015	37.88591
2016	25.128305
2017	23.637997
2018	44.175426
2019	29.828905
2020	2.954577
2021	4.390203
2022	15.682409
2023	49.848804
2024	19.69783
2025	10.8289
2026	19.699944
2027	45.832687
2028	16.26942
2029	4.427253
2030	33.83377
2031	6.862868
2032	39.49546
2033	28.526001
2034	52.374752
2035	15.355448
2036	27.128649
2037	35.761147
2038	35.987488
2039	25.917343
2040	53.563324
2041	1.4630865
2042	47.809685
2043	27.54536
2044	0.6641006
2045	18.542227
2046	25.696884
2047	54.36959
2048	25.343811
2049	0.21672949
2050	19.929007
2051	0.8720548
2052	24.68845
2053	9.492026
2054	9.383278
2055	23.732536
2056	7.846052
2057	19.603456
2058	11.932015
2059	35.2235
2060	5.851337
2061	22.843912
2062	12.737122
2063	38.075935
2064	35.558044
2065	10.198373
2066	39.1132
2067	56.738037
2068	18.850792
2069	6.352309
2070	15.631136
2071	44.948597
2072	23.308352
2073	32.480053
2074	58.134052
2075	34.546932
2076	55.490234
2077	14.282352
2078	50.337467
2079	15.44128
2080	3.0184143
2081	37.616074
2082	11.685574
2083	1.6575404
2084	46.626114
2085	20.846407
2086	21.98018
2087	28.744822
2088	14.171866
2089	47.476284
2090	19.03423
2091	24.581892
2092	18.156586
2093	5.113055
2094	15.614587
2095	3.3859944
2096	21.97822
2097	53.773075
2098	27.580894
2099	15.769606
2100	7.9152675
2101	16.17236
2102	8.80651
2103	38.178852
2104	53.173992
2105	16.1148
2106	21.487204
2107	30.623228
2108	29.985622
2109	10.777541
2110	17.403027
2111	2.459025
2112	5.074148
2113	13.931917
2114	39.528786
2115	32.842873
2116	7.537677
2117	0.19441342
2118	45.141308
2119	36.70191
2120	18.77629
2121	48.447506
2122	12.805347
2123	4.6233897
2124	38.32332
2125	20.41066
2126	23.053051
2127	32.668945
2128	31.46143
2129	25.115873
2130	17.917164
2131	43.05436
2132	33.778442
2133	55.459618
2134	11.7398815
2135	14.366667
2136	57.58468
2137	48.00308
2138	10.679205
2139	4.9905057
2140	30.113789
2141	42.192585
2142	23.334698
2143	58.415565
2144	38.4289
2145	40.172043
2146	29.914469
2147	44.096996
2148	20.955936
2149	53.3593
2150	22.365335
2151	12.540707
2152	30.566036
2153	6.9583178
2154	32.88794
2155	48.28535
2156	45.258213
2157	36.56745
2158	9.236352
2159	49.339176
2160	10.941237
2161	33.29954
2162	20.562037
2163	35.50237
2164	40.885296
2165	57.365917
2166	3.9945338
2167	18.784264
2168	28.768438
2169	13.028002
2170	37.07136
2171	44.16481
2172	29.088392
2173	16.730728
2174	5.9112334
2175	43.836952
2176	9.518992
2177	6.794615
2178	5.516265
2179	18.857872
2180	36.117126
2181	14.114922
2182	21.250427
2183	11.091809
2184	16.384356
2185	38.54398
2186	5.766015
2187	38.19569
2188	59.244305
2189	15.847639
2190	29.692099
2191	18.308134
2192	9.954997
2193	21.430437
2194	58.216446
2195	49.608173
2196	3.9018989
2197	13.523025
2198	14.687118
2199	58.8465
2200	4.4818835
2201	34.397434
2202	18.166018
2203	1.5342038
2204	26.406643
2205	25.646936
2206	27.704569
2207	35.54012
2208	3.1965077
2209	39.562477
2210	12.493758
2211	34.782234
2212	35.966904
2213	37.32251
2214	20.389992
2215	38.16275
2216	30.73652
2217	29.278763
2218	11.173566
2219	9.935053
2220	52.9291
2221	12.259857
2222	15.711729
2223	48.594063
2224	30.800316
2225	6.707702
2226	5.0917964
2227	18.652424
2228	28.001282
2229	47.554592
2230	3.1168315
2231	8.124521
2232	55.26919
2233	45.602318
2234	0.9962285
2235	15.434841
2236	33.16596
2237	49.07875
2238	40.279972
2239	53.922104
2240	20.764292
2241	37.289783
2242	21.714846
2243	5.8456
2244	10.099837
2245	4.0363226
2246	27.0134
2247	3.85338
2248	25.665197
2249	9.328903
2250	32.93575
2251	51.406155
2252	4.688659
2253	4.408303
2254	13.433878
2255	21.667276
2256	12.710636
2257	13.993466
2258	36.0787
2259	37.635876
2260	34.886745
2261	24.185282
2262	20.843044
2263	6.6596584
2264	7.2060475
2265	34.62788
2266	7.968569
2267	38.197285
2268	46.39591
2269	52.72696
2270	12.375248
2271	28.82163
2272	20.445822
2273	24.134064
2274	39.53957
2275	24.85118
2276	33.99704
2277	35.462006
2278	13.333557
2279	5.503091
2280	55.515747
2281	31.449759
2282	5.1687407
2283	0.7691511
2284	34.169525
2285	53.37372
2286	5.2943583
2287	38.276577
2288	0.05268929
2289	25.092382
2290	46.814796
2291	5.5329785
2292	8.872331
2293	9.394451
2294	47.006634
2295	4.4756856
2296	32.777412
2297	31.073391
2298	12.973935
2299	27.76871
2300	21.019138
2301	13.10343
2302	20.67219
2303	34.69477
