0	5.3388324
1	35.882812
2	2.9144475
3	50.737087
4	26.253382
5	7.68906
6	17.601927
7	45.03118
8	2.5672128
9	34.993416
10	52.803482
11	34.175068
12	54.138508
13	11.122538
14	16.665432
15	39.3659
16	4.999087
17	10.22489
18	1.1393667
19	10.040776
20	33.39646
21	7.059636
22	39.326237
23	24.867113
24	40.283337
25	8.312996
26	6.8048263
27	10.643209
28	20.973677
29	23.388958
30	18.378464
31	54.037357
32	51.798782
33	14.039437
34	38.181274
35	23.502558
36	10.0703
37	49.177536
38	51.398647
39	15.816721
40	23.053423
41	30.061716
42	3.5429652
43	47.69784
44	7.0260086
45	8.001053
46	50.738293
47	34.061684
48	34.42314
49	39.542175
50	20.986933
51	58.948032
52	22.603598
53	13.570162
54	29.248758
55	15.274368
56	4.441607
57	52.405285
58	39.848152
59	22.824102
60	25.74215
61	16.21931
62	4.91827
63	51.48053
64	15.855314
65	25.810608
66	3.1318471
67	16.808704
68	1.1653948
69	14.708943
70	32.35156
71	25.93262
72	34.6428
73	29.264654
74	39.53183
75	47.03868
76	50.873158
77	15.495833
78	19.932297
79	27.39885
80	4.867327
81	2.4207702
82	1.3045105
83	16.250324
84	45.12645
85	33.807323
86	18.009274
87	35.92094
88	19.673042
89	54.810707
90	15.923187
91	25.806654
92	20.098486
93	21.595915
94	18.303616
95	23.094969
96	0.65492725
97	46.58943
98	5.632731
99	10.388731
100	0.50013644
101	2.805676
102	14.668227
103	45.24795
104	15.973355
105	14.619393
106	12.260482
107	34.655666
108	56.674713
109	59.405968
110	27.952835
111	28.527088
112	14.140356
113	14.647467
114	35.963745
115	20.619595
116	35.049885
117	48.402954
118	1.8566167
119	22.564386
120	42.172325
121	27.46743
122	12.035144
123	17.2289
124	5.6513357
125	27.09451
126	25.158953
127	33.849857
128	50.57857
129	20.733202
130	59.017525
131	45.303944
132	23.937553
133	15.401219
134	59.330387
135	23.25141
136	15.856304
137	17.033827
138	31.01779
139	43.833202
140	0.8593826
141	32.706375
142	33.089165
143	19.479704
144	47.897537
145	5.5053864
146	14.345053
147	28.588423
148	38.409794
149	22.181635
150	38.725395
151	11.570798
152	26.548468
153	59.583
154	56.239048
155	23.789364
156	12.339465
157	36.435143
158	3.069187
159	43.003403
160	59.69866
161	39.791206
162	12.978111
163	13.706684
164	8.600924
165	13.570395
166	20.706549
167	45.76866
168	32.87743
169	26.10711
170	30.679903
171	15.701702
172	2.929977
173	21.896067
174	36.894665
175	49.474243
176	4.26928
177	55.05471
178	34.86402
179	55.106262
180	18.928932
181	1.0853673
182	37.06594
183	1.8623906
184	28.07515
185	25.77722
186	59.04327
187	19.37377
188	58.004284
189	56.84043
190	51.987522
191	0.9765834
192	2.188459
193	5.945757
194	35.516884
195	23.033134
196	11.171838
197	3.457053
198	18.984907
199	41.30306
200	49.392
201	37.412888
202	11.420378
203	44.474194
204	0.97700626
205	28.981949
206	9.563059
207	4.8046627
208	8.68622
209	39.699104
210	40.450962
211	31.248585
212	53.59624
213	1.0351684
214	52.550777
215	25.094604
216	22.25191
217	24.815891
218	53.524784
219	5.435764
220	22.744375
221	49.14169
222	15.303707
223	46.535126
224	25.087313
225	3.8202717
226	51.699852
227	33.571537
228	53.625553
229	4.2966084
230	38.794865
231	28.24987
232	24.210604
233	8.064573
234	13.336561
235	20.76017
236	23.877361
237	32.54466
238	49.379154
239	29.570032
240	15.756441
241	7.0911336
242	31.84806
243	26.18781
244	19.04858
245	37.19863
246	32.429733
247	39.70934
248	14.6893215
249	16.212008
250	33.283245
251	21.728651
252	7.1830797
253	25.391294
254	33.66488
255	37.828068
256	4.508844
257	37.58532
258	23.370155
259	22.317816
260	26.96808
261	22.86499
262	37.019295
263	36.635117
264	9.030893
265	29.153429
266	7.7380877
267	25.870817
268	31.259748
269	49.663967
270	9.330029
271	35.566784
272	31.296408
273	3.042567
274	11.781475
275	46.75095
276	45.992413
277	53.194073
278	25.876722
279	57.82839
280	17.796583
281	2.2484062
282	27.232637
283	43.126972
284	6.072127
285	30.75631
286	12.48799
287	13.249003
288	2.6177342
289	13.953963
290	5.8186107
291	17.01583
292	13.044318
293	20.111488
294	14.955308
295	26.27239
296	34.24313
297	7.0885897
298	22.340322
299	1.041393
300	36.850697
301	41.356186
302	20.116861
303	50.28637
304	5.2989297
305	31.133974
306	24.170292
307	35.582077
308	20.543457
309	22.058508
310	24.820946
311	16.807655
312	38.613728
313	28.633932
314	49.155155
315	51.859516
316	33.72342
317	32.08794
318	42.054607
319	24.432253
320	15.660631
321	59.359962
322	32.73402
323	18.757774
324	7.3065257
325	0.2503548
326	53.37656
327	27.01279
328	15.854964
329	34.27149
330	18.086515
331	43.333706
332	14.820655
333	6.7376657
334	10.095756
335	59.538925
336	38.032837
337	41.01197
338	41.63324
339	18.630312
340	13.925918
341	1.5253835
342	19.838385
343	25.678326
344	33.536964
345	27.45193
346	21.107141
347	20.096588
348	6.9941077
349	43.46252
350	50.99945
351	33.386395
352	38.251503
353	24.5823
354	18.1766
355	21.980324
356	45.549156
357	13.444204
358	0.6244523
359	51.662933
360	36.158623
361	4.749305
362	56.796223
363	3.6918626
364	32.281254
365	35.36617
366	27.932981
367	23.813534
368	43.668453
369	6.0539837
370	10.592053
371	42.68954
372	4.959262
373	7.792628
374	15.492175
375	41.65035
376	2.6343956
377	52.687412
378	25.714546
379	22.01758
380	53.254787
381	37.65622
382	19.200659
383	33.753326
384	13.014378
385	26.057085
386	34.198555
387	32.338985
388	56.560207
389	0.5029476
390	50.328987
391	34.51028
392	51.905106
393	7.6158075
394	25.50669
395	9.622286
396	33.124176
397	32.56972
398	7.1284413
399	7.6784225
400	30.156277
401	49.851868
402	27.878777
403	19.952618
404	11.51462
405	9.524873
406	50.0441
407	20.45542
408	13.18539
409	39.19712
410	58.54479
411	43.79493
412	0.048662703
413	23.106237
414	33.33922
415	45.495636
416	29.816345
417	50.060623
418	17.112755
419	20.453556
420	31.25276
421	38.57069
422	30.355772
423	50.519634
424	46.30288
425	47.13718
426	32.44866
427	17.262325
428	18.94085
429	38.85738
430	34.806973
431	16.887768
432	54.370586
433	23.88834
434	26.195633
435	3.4162226
436	2.197919
437	20.60421
438	28.68052
439	16.006
440	14.136759
441	10.714877
442	28.15999
443	27.443913
444	14.191271
445	21.767088
446	11.384394
447	22.00014
448	33.90825
449	7.3764195
450	20.281826
451	38.21139
452	20.567339
453	3.80126
454	57.53989
455	11.855735
456	16.202309
457	54.37196
458	22.678263
459	30.13031
460	53.615124
461	3.608278
462	27.34222
463	18.304466
464	41.304848
465	32.54183
466	51.43628
467	39.589226
468	1.1261286
469	10.823131
470	34.284866
471	13.086535
472	21.028866
473	20.246479
474	22.252682
475	10.539781
476	7.300329
477	22.952223
478	23.195435
479	27.350801
480	17.060759
481	35.58182
482	36.48912
483	13.998298
484	38.010494
485	44.598854
486	35.599342
487	58.25661
488	50.74028
489	50.177834
490	58.51392
491	3.5606797
492	25.226675
493	9.998876
494	25.916912
495	14.042147
496	55.40311
497	30.022978
498	28.346193
499	14.203303
500	10.136234
501	11.601643
502	38.423275
503	40.872276
504	37.30161
505	29.02593
506	19.636597
507	27.447357
508	9.904502
509	2.1985972
510	8.282857
511	38.51881
512	23.00386
513	15.324229
514	14.581848
515	4.1003942
516	14.161007
517	10.631368
518	34.474304
519	36.53039
520	57.272816
521	7.830848
522	58.531948
523	8.150161
524	0.5303907
525	24.76365
526	8.072842
527	34.671566
528	23.966238
529	7.959807
530	22.82736
531	14.572164
532	4.6036677
533	12.892112
534	48.599247
535	58.201633
536	35.64521
537	24.130833
538	7.2338724
539	57.686695
540	14.405249
541	39.464947
542	30.952288
543	45.381744
544	51.68037
545	38.950016
546	30.160704
547	47.0694
548	56.364155
549	24.862295
550	58.82004
551	25.927404
552	59.139347
553	11.683212
554	36.365364
555	42.144104
556	40.14078
557	6.507939
558	45.97592
559	31.92413
560	19.391802
561	25.45064
562	21.35827
563	36.508625
564	57.78966
565	15.805276
566	39.712036
567	18.560907
568	18.85359
569	8.622655
570	3.364193
571	10.157365
572	48.184174
573	51.94285
574	26.560606
575	52.47333
576	38.163094
577	20.217556
578	45.688457
579	29.144726
580	12.988
581	0.9960529
582	7.9508343
583	21.104563
584	38.943886
585	33.425774
586	39.284122
587	1.7113013
588	43.83875
589	3.516197
590	30.110191
591	12.741805
592	30.778873
593	58.267883
594	58.50305
595	11.769681
596	29.72061
597	31.425312
598	15.571738
599	7.430298
600	37.292225
601	24.162735
602	3.100339
603	19.503681
604	22.122147
605	19.320126
606	8.565626
607	44.548138
608	8.070706
609	22.810606
610	37.19384
611	58.605522
612	55.20267
613	18.84923
614	8.459631
615	38.10177
616	11.127585
617	26.361217
618	10.077139
619	26.431406
620	20.997465
621	22.856758
622	15.327426
623	34.95036
624	4.4718637
625	18.604311
626	6.2932577
627	3.864162
628	0.17814393
629	6.427853
630	9.681305
631	9.237254
632	58.22549
633	46.26565
634	32.42664
635	32.5921
636	22.464771
637	26.178549
638	18.02223
639	24.766518
640	28.85699
641	31.471102
642	8.203306
643	0.010745984
644	31.863056
645	7.626239
646	8.290363
647	23.91218
648	27.20541
649	48.220787
650	24.211515
651	21.239223
652	12.617716
653	31.0261
654	17.819733
655	25.729132
656	9.938465
657	8.418137
658	38.99908
659	38.017643
660	28.620026
661	19.117426
662	19.065285
663	25.369642
664	24.371792
665	35.80944
666	42.445217
667	11.350188
668	39.075947
669	4.202453
670	38.04405
671	34.873833
672	20.66084
673	8.002032
674	48.74906
675	7.2530804
676	10.030431
677	45.29184
678	18.04847
679	19.430979
680	27.72907
681	18.524052
682	35.8347
683	10.193086
684	17.959774
685	6.4765887
686	17.161606
687	3.3984053
688	20.495806
689	8.181056
690	18.476397
691	22.49917
692	39.20062
693	16.675648
694	0.35396928
695	37.750904
696	25.049297
697	42.28567
698	34.091484
699	1.273967
700	38.836395
701	4.0497737
702	58.144848
703	11.836788
704	10.829351
705	6.600938
706	21.312244
707	50.89598
708	45.28602
709	36.383766
710	34.822643
711	27.505419
