0	29.319036
1	33.299366
2	51.934376
3	29.922693
4	27.15031
5	6.761833
6	14.919465
7	32.339394
8	25.598701
9	54.213932
10	31.671227
11	29.890322
12	15.426068
13	2.6614153
14	11.2190695
15	22.147594
16	18.891119
17	56.333237
18	4.2349434
19	8.100031
20	45.31881
21	50.992657
22	44.34034
23	7.420487
24	30.717531
25	20.551313
26	2.485599
27	28.416714
28	4.24603
29	32.342262
30	36.682617
31	37.863537
32	25.268328
33	0.68353087
34	3.6189308
35	15.2112055
36	32.833035
37	0.511742
38	49.717735
39	1.1053548
40	7.120961
41	4.856186
42	49.236
43	45.440174
44	54.953865
45	36.74924
46	13.866446
47	7.5586057
48	39.99675
49	36.67813
50	29.767246
51	8.247699
52	43.54221
53	41.989376
54	7.438979
55	15.206511
56	4.9116726
57	11.096797
58	32.1542
59	35.029114
60	18.288483
61	4.092003
62	1.7053765
63	51.160915
64	3.2985375
65	7.346933
66	50.225754
67	31.938026
68	58.861683
69	29.345083
70	0.44607446
71	57.38827
72	4.261465
73	0.2748196
74	4.9700036
75	29.598166
76	24.466753
77	16.017626
78	13.4844885
79	27.831917
80	37.95701
81	55.534645
82	14.7437315
83	15.283315
84	46.09892
85	50.300724
86	30.539692
87	3.33836
88	28.295982
89	37.511154
90	52.39979
91	15.990923
92	5.4138412
93	18.618553
94	5.668343
95	25.359938
96	49.3867
97	23.56811
98	22.840513
99	51.018044
100	19.858967
101	10.104649
102	38.989475
103	50.85458
104	21.367718
105	8.566154
106	52.28208
107	22.772179
108	57.3609
109	19.724203
110	14.439866
111	19.530193
112	45.058018
113	29.435175
114	1.6669973
115	6.4533315
116	1.4782124
117	49.356804
118	14.448651
119	31.923628
120	45.36441
121	21.936232
122	39.739384
123	28.871302
124	48.846916
125	17.331263
126	2.5070698
127	55.20951
128	26.936714
129	40.170742
130	38.322716
131	59.427513
132	16.893848
133	4.1331105
134	37.349976
135	42.644913
136	28.227299
137	31.96306
138	55.158752
139	14.491566
140	32.590397
141	57.76822
142	5.057499
143	7.724141
144	8.133228
145	10.941662
146	21.012901
147	20.788162
148	11.091033
149	22.832098
150	5.4704213
151	59.603302
152	12.006707
153	40.593506
154	1.6955061
155	1.517997
156	49.971516
157	37.45157
158	3.3923435
159	31.749275
160	13.368486
161	19.966091
162	4.7819066
163	2.662442
164	22.243258
165	50.410034
166	19.23762
167	56.270412
168	5.2822766
169	35.400368
170	18.17372
171	36.74274
172	24.76068
173	31.246067
174	48.084133
175	13.666446
176	34.752804
177	41.63325
178	7.646171
179	16.83131
180	21.11711
181	18.91571
182	33.769196
183	31.01459
184	29.189304
185	6.7286525
186	13.338133
187	32.22169
188	26.441235
189	27.931646
190	37.58004
191	14.121737
192	21.38653
193	31.788752
194	13.467435
195	57.260925
196	54.543755
197	14.364786
198	25.850555
199	49.804363
200	17.7923
201	29.615417
202	23.334429
203	0.53278863
204	30.247715
205	42.62578
206	31.672106
207	13.902657
208	21.052404
209	3.850386
210	30.976252
211	36.00318
212	33.23033
213	52.86476
214	0.01704306
215	9.351256
216	47.843143
217	27.749836
218	25.856262
219	36.08102
220	23.536316
221	42.145496
222	48.258553
223	52.398872
224	52.58
225	18.264482
226	0.6708378
227	24.897444
228	17.58969
229	35.950653
230	6.047322
231	34.954166
232	13.271233
233	12.888487
234	9.578198
235	36.07005
236	18.84581
237	58.80188
238	30.470507
239	25.90154
240	32.76257
241	17.829077
242	31.516773
243	8.978066
244	41.308887
245	18.305044
246	14.3853245
247	57.680317
248	52.893856
249	25.328941
250	30.078215
251	28.567545
252	12.026661
253	39.415646
254	5.035796
255	58.618416
256	20.349535
257	28.494041
258	44.675888
259	23.02676
260	23.13443
261	8.773098
262	4.5242715
263	59.736885
264	10.906305
265	20.899397
266	18.880062
267	16.597683
268	4.1276865
269	26.374983
270	16.78049
271	18.759176
272	1.4854515
273	21.235168
274	11.022836
275	57.678757
276	44.307964
277	10.362763
278	34.609367
279	45.660973
280	27.345596
281	6.1983485
282	4.597606
283	32.080498
284	18.163567
285	45.98986
286	34.71988
287	30.148123
288	2.0265985
289	46.24262
290	9.04959
291	22.60298
292	40.659306
293	5.942622
294	7.796061
295	24.347864
296	33.732903
297	32.41692
298	27.488329
299	39.718437
300	3.683226
301	45.532215
302	24.244099
303	32.566406
304	0.35121238
305	3.851453
306	24.679794
307	35.977074
308	45.112312
309	17.579369
310	19.904827
311	30.513344
312	7.723829
313	6.3100452
314	19.627542
315	34.965527
316	1.830126
317	28.01811
318	4.0760546
319	41.164158
320	51.757168
321	9.93363
322	7.729498
323	35.87
324	9.28902
325	31.78034
326	29.919167
327	47.502697
328	10.079498
329	10.001164
330	9.605709
331	40.837414
332	9.466967
333	0.18059666
334	39.132095
335	12.629106
336	53.13256
337	4.221159
338	14.3913965
339	35.686573
340	1.5933518
341	17.397871
342	57.330925
343	6.4163456
344	54.505276
345	23.731098
346	22.170015
347	28.250473
348	58.298065
349	17.485167
350	16.88081
351	15.14097
352	2.588048
353	26.076157
354	44.50928
355	46.893497
356	8.021193
357	37.33069
358	9.414897
359	13.102216
360	1.113286
361	11.096455
362	25.706741
363	34.06214
364	9.684958
365	27.729607
366	56.720715
367	52.947918
368	59.739147
369	48.1067
370	38.02346
371	1.9788365
372	22.980047
373	44.542564
374	30.537241
375	49.35147
376	43.451077
377	46.48328
378	31.502745
379	38.411346
380	43.440193
381	21.54797
382	10.579758
383	14.829854
384	16.942898
385	8.668521
386	39.91941
387	8.521851
388	28.828728
389	37.58898
390	44.383266
391	39.584034
392	16.993183
393	3.6619096
394	37.203568
395	4.3706784
396	47.498726
397	6.5726476
398	5.482226
399	21.753693
400	7.346568
401	12.73581
402	4.945637
403	29.789835
404	6.103001
405	35.346504
406	6.517003
407	6.3185873
408	2.311052
409	3.4321277
410	48.537334
411	3.4400513
412	33.45028
413	11.73883
414	47.860813
415	55.37301
416	9.164563
417	6.900051
418	10.569765
419	41.869026
420	46.559795
421	12.072777
422	38.699066
423	5.159267
424	43.580303
425	42.090485
426	13.129183
427	47.33655
428	1.8050599
429	14.170008
430	44.701763
431	37.125816
432	23.461542
433	15.322801
434	5.631117
435	10.172087
436	19.03733
437	46.85946
438	41.429466
439	55.2757
440	11.576441
441	48.73951
442	39.833424
443	0.43043348
444	51.57945
445	35.393192
446	36.092903
447	4.8174286
448	36.62194
449	48.333427
450	27.453442
451	11.730796
452	16.216047
453	0.9961607
454	6.9564643
455	0.8481949
456	17.252115
457	14.697236
458	24.52936
459	4.7143836
460	49.772713
461	53.523907
462	4.0975523
463	48.902767
464	36.462715
465	51.774235
466	35.41789
467	39.706707
468	57.54926
469	10.7988
470	19.685656
471	37.79553
472	36.39445
473	29.317781
474	37.09205
475	55.091946
476	39.21859
477	8.6687
478	24.455935
479	48.041286
480	8.896675
481	44.883244
482	14.416334
483	6.563249
484	47.46603
485	37.72557
486	5.4882784
487	9.743594
488	4.9768596
489	57.094913
490	48.64602
491	26.481007
492	26.299677
493	7.314481
494	54.749363
495	18.935688
496	49.331028
497	49.18888
498	21.148191
499	0.21807
500	38.586605
501	56.965534
502	56.398304
503	16.327972
504	28.712982
505	51.83643
506	38.90339
507	27.924828
508	29.046125
509	32.63156
510	31.239286
511	37.227253
512	37.170403
513	7.531201
514	22.035137
515	19.823645
516	0.48922923
517	14.280492
518	35.773228
519	10.751639
520	28.48156
521	15.473628
522	18.654518
523	22.951836
524	3.9538028
525	4.7669735
526	7.6392484
527	36.455185
528	22.89644
529	24.880547
530	34.771927
531	33.91644
532	33.072346
533	2.9024477
534	59.57853
535	12.161968
536	27.168125
537	30.133812
538	16.466566
539	13.762362
540	24.525928
541	1.834441
542	14.408212
543	13.685459
544	9.17448
545	13.345039
546	20.82853
547	34.36807
548	10.877109
549	22.64797
550	45.885654
551	9.744238
552	30.972921
553	7.6866245
554	8.651996
555	24.307995
556	29.838387
557	2.3479521
558	49.89842
559	45.0861
560	14.91571
561	35.848473
562	6.8940988
563	19.252096
564	1.3496124
565	22.633755
566	21.756212
567	14.382207
568	44.21264
569	52.091263
570	21.149508
571	24.528524
572	25.697336
573	9.765143
574	50.342064
575	53.87843
576	27.44021
577	45.828056
578	9.091697
579	4.450141
580	14.069572
581	3.216928
582	23.809134
583	43.754566
584	5.96956
585	29.471806
586	2.3288455
587	41.815594
588	30.485218
589	4.9434414
590	27.816051
591	26.007622
592	19.240303
593	5.1457705
594	18.812836
595	28.092003
596	31.879906
597	35.55089
598	38.839924
599	6.6638956
600	24.43866
601	52.65772
602	25.503498
603	3.772194
604	14.168611
605	24.559992
606	38.60715
607	55.432495
608	12.488653
609	52.337753
610	29.453186
611	58.11858
612	1.0483705
613	16.931982
614	36.65702
615	54.86765
616	44.614384
617	17.173168
618	10.405921
619	56.00521
620	4.3100386
621	25.735191
622	16.20071
623	30.828165
624	12.541825
625	22.160742
626	59.49074
627	40.38835
628	18.845957
629	21.716019
630	1.748911
631	17.327246
632	4.0710316
633	20.777815
634	26.002987
635	38.477467
636	52.162746
637	54.239056
638	18.228777
639	24.480957
640	31.573029
641	45.5051
642	1.02718
643	30.172146
644	12.274064
645	50.24766
646	11.462479
647	26.62841
648	2.6783798
649	29.998898
650	59.064014
651	45.812687
652	4.4259253
653	1.5317498
654	25.283403
655	28.4456
656	0.6338607
657	35.41367
658	59.779556
659	54.970726
660	48.750324
661	21.713526
662	51.89416
663	25.309925
664	34.172615
665	35.407562
666	34.413822
667	12.667521
668	0.81848466
669	1.2877265
670	40.165894
671	48.539436
672	21.155174
673	5.7277093
674	29.514154
675	59.84761
676	52.953873
677	0.3188711
678	54.479103
679	14.647167
680	2.9563785
681	13.776751
682	56.88014
683	27.849798
684	23.126587
685	15.300477
686	5.4478965
687	12.098409
688	7.7711244
689	42.322876
690	29.387732
691	32.063686
692	23.448057
693	56.36323
694	46.569397
695	28.18991
696	11.357874
697	16.581009
698	14.581581
699	51.899162
700	7.950162
701	32.31003
702	7.9884176
703	38.709557
704	52.4254
705	39.58929
706	43.66199
707	21.962454
708	17.421886
709	15.504077
710	15.382593
711	18.430233
712	57.610786
713	6.0511394
714	57.05229
715	29.194777
716	18.847557
717	8.167739
718	19.187866
719	23.580582
720	30.894794
721	32.007576
722	6.2462797
723	52.926933
724	36.22009
725	55.354206
726	27.198807
727	8.664925
728	18.050627
729	7.747845
730	1.7723213
731	7.9532156
732	8.141337
733	6.610548
734	16.410225
735	16.472355
736	9.701789
737	39.314266
738	9.90107
739	12.893173
740	39.490883
741	28.986343
742	1.443466
743	24.056927
744	56.771103
745	9.920679
746	43.214207
747	28.21459
748	25.908436
749	35.768856
750	15.110887
751	58.159393
752	27.17855
753	41.372192
754	41.922348
755	8.755542
756	19.1883
757	29.942354
758	20.654802
759	7.668327
760	3.946034
761	19.67126
762	16.71353
763	36.47513
764	15.042116
765	10.355817
766	2.8612487
767	28.81563
768	4.300019
769	2.475968
770	58.22746
771	25.386225
772	4.8577724
773	13.963591
774	49.189426
775	7.5366096
776	48.98977
777	50.91002
778	38.451508
779	36.563534
780	22.268084
781	36.878483
782	36.76373
783	20.482174
784	13.268507
785	6.4291873
786	14.325606
787	2.0845659
788	49.79525
789	8.379493
790	47.93643
791	7.3649783
792	11.158401
793	29.549723
794	13.809342
795	5.3068237
796	40.666805
797	23.084938
798	49.136776
799	57.033627
800	26.642057
801	20.99184
802	34.85292
803	3.0616636
804	3.6817107
805	4.6436353
806	34.727608
807	23.359516
808	0.8140252
809	9.999999
810	22.616066
811	45.37232
812	48.89859
813	12.611461
814	18.908852
815	17.147196
816	35.88584
817	14.233803
818	34.802227
819	5.228242
820	29.6132
821	39.22615
822	2.7420526
823	12.500093
824	30.507805
825	22.1752
826	31.767225
827	27.227621
828	8.739643
829	51.14777
830	35.443577
831	8.9050255
832	24.232962
833	20.904028
834	9.0884285
835	0.16103144
836	24.530607
837	52.324554
838	47.50918
839	25.760664
840	36.20298
841	54.194847
842	28.216383
843	8.638321
844	36.74069
845	11.863501
846	25.940144
847	25.543385
848	33.697395
849	1.997026
850	5.0628233
851	14.291257
852	25.205761
853	7.873595
854	32.31932
855	39.0228
856	13.651927
857	38.69937
858	23.526543
859	13.533088
860	12.937248
861	41.475063
862	29.71308
863	12.168522
864	21.290882
865	6.627858
866	7.4079704
867	34.278973
868	16.439882
869	56.314587
870	34.70337
871	40.131325
872	13.456111
873	11.371215
874	34.446976
875	12.562709
876	22.101267
877	24.011387
878	20.92644
879	6.6992264
880	40.64681
881	10.110528
882	13.174962
883	44.04388
884	28.067272
885	54.11422
886	7.192789
887	33.1684
888	15.301994
889	5.2324147
890	21.013807
891	54.877773
892	22.446312
893	43.039165
894	33.298725
895	50.335033
896	28.64909
897	20.837248
898	15.064278
899	3.0055528
900	36.82591
901	40.147034
902	17.917267
903	32.776325
904	1.5011233
905	8.392507
906	8.827446
907	3.961732
908	28.273617
909	5.8502655
910	17.568314
911	6.772224
912	51.66632
913	52.80315
914	41.603947
915	27.056198
916	22.305513
917	18.938766
918	25.924892
919	22.458248
920	52.79412
921	48.471268
922	4.4146395
923	24.071598
924	32.164738
925	2.730313
926	42.781776
927	4.21309
928	22.157133
929	2.7466037
930	56.83559
931	11.121419
932	13.817288
933	31.694834
934	10.72401
935	48.071182
936	11.365846
937	0.8613175
938	35.705364
939	54.887405
940	1.5354775
941	23.398699
942	37.2273
943	24.263754
944	7.6937957
945	32.665833
946	27.82399
947	20.29656
948	9.961832
949	4.1601205
950	24.578428
951	7.4940395
952	51.357437
953	3.812127
