0	28.60882
1	39.003147
2	71.21301
3	62.25364
4	58.260494
5	71.30847
6	59.324486
7	49.82067
8	38.73152
9	8.610448
10	36.522594
11	68.14535
12	68.59955
13	60.54123
14	21.032177
15	7.0845494
16	43.508957
17	46.00265
18	67.34771
19	39.64444
20	47.768127
21	55.278633
22	46.281765
23	40.278557
24	26.203798
25	67.529205
26	65.76681
27	70.53836
28	32.69331
29	40.89275
30	38.840496
31	48.462723
32	17.899906
33	56.13891
34	31.178507
35	66.77987
36	77.88713
37	40.036053
38	80.788826
39	43.534687
40	34.502953
41	30.096846
42	59.760277
43	45.720165
44	29.115942
45	43.80623
46	67.1455
47	45.170883
48	40.597576
49	67.21122
50	49.35974
51	59.613556
52	71.4146
53	47.36664
54	48.325066
55	62.990654
56	53.891403
57	31.986118
58	64.41844
59	63.135624
60	25.763737
61	58.479736
62	37.6457
63	59.438087
64	50.2747
65	62.894173
66	83.31859
67	26.689035
68	56.231674
69	47.430813
70	41.066605
71	85.613365
72	45.8038
73	53.652443
74	30.22139
75	17.53639
76	32.076393
77	69.38857
78	44.915268
79	22.118105
80	42.58213
81	2.43665
82	42.780643
83	55.72565
84	50.022125
85	69.876884
86	63.943394
87	31.03423
88	40.693153
89	39.850594
90	53.546642
91	33.594177
92	39.488472
93	50.532272
94	26.258656
95	49.015884
96	89.03618
97	57.299454
98	76.968796
99	31.259674
100	51.26996
101	87.914185
102	62.40181
103	72.26499
104	32.442753
105	64.96376
106	78.28425
107	37.27323
108	54.683044
109	38.616497
110	55.97294
111	28.695505
112	28.65872
113	40.932266
114	41.108864
115	74.24727
116	62.753166
117	45.52619
118	54.886284
119	42.317932
120	14.372965
121	53.31688
122	35.930103
123	49.164745
124	48.59681
125	66.400154
126	46.937447
127	73.68234
128	18.339577
129	37.77174
130	11.299205
131	44.541744
132	18.545698
133	14.681971
134	43.272346
135	53.889153
136	34.64066
137	27.838255
138	64.51888
139	61.615147
140	42.559525
141	57.480568
142	31.176928
143	29.327095
144	24.135895
145	70.53781
146	43.62393
147	61.727417
148	17.474644
149	70.63259
150	66.94786
151	39.997654
152	58.654842
153	55.141563
154	15.263314
155	35.999172
156	30.359114
157	40.841835
158	55.70707
159	26.08066
160	43.105087
161	22.068314
162	78.69769
163	37.585663
164	72.69016
165	22.564003
166	47.80596
167	45.12111
168	22.871368
169	25.05241
170	65.68126
171	38.77128
172	40.376316
173	45.016758
174	20.61198
175	44.257923
176	69.73467
177	46.116337
178	4.466799
179	96.485794
180	26.62893
181	15.423952
182	49.70493
183	74.15873
184	69.23447
185	21.814587
186	39.745575
187	44.173607
188	59.06463
189	69.74751
190	46.54534
191	45.614048
192	37.36115
193	48.95105
194	57.417618
195	45.103783
196	51.1557
197	28.548555
198	72.85706
199	64.92233
200	39.9993
201	13.393311
202	66.69777
203	11.239762
204	28.252157
205	76.41867
206	76.00108
207	35.22232
208	65.94604
209	43.741943
210	16.74503
211	40.709312
212	79.536224
213	24.353893
214	65.77379
215	46.90865
216	15.567154
217	27.019365
218	60.947586
219	52.5578
220	46.045395
221	44.21052
222	49.344574
223	13.711332
224	11.989669
225	39.705868
226	70.55409
227	38.98359
228	42.736965
229	11.183254
230	60.139732
231	61.07392
232	23.582062
233	54.134808
234	73.35008
235	38.403366
236	59.32905
237	48.43206
238	64.15546
239	55.69029
240	56.33284
241	63.869297
242	29.688713
243	27.293499
244	40.608772
245	16.013405
246	25.16822
247	22.150759
248	64.588455
249	58.688133
250	69.38112
251	44.1409
252	30.099995
253	54.421005
254	75.80495
255	36.697605
256	50.15062
257	64.134865
258	29.149456
259	27.97708
260	61.971073
261	13.257985
262	81.00841
263	68.132034
264	67.103294
265	60.915733
266	76.03792
267	58.45279
268	6.458059
269	50.264503
270	49.231506
271	13.822895
272	57.358227
273	58.999233
274	16.07642
275	43.079685
276	33.961197
277	40.345943
278	35.95704
279	28.012068
280	5.2340755
281	48.598236
282	74.57899
283	71.945465
284	52.888065
285	36.543385
286	38.550034
287	31.536259
288	34.87416
289	40.834682
290	59.578976
291	66.519554
292	29.048117
293	37.56987
294	24.022282
295	50.114647
296	50.74579
297	36.59104
298	67.66264
299	58.516117
300	30.289728
301	57.326385
302	21.953281
303	63.109447
304	48.758224
305	12.049069
306	63.469124
307	20.02559
308	44.914017
309	62.059605
310	77.08238
311	55.158348
312	61.747993
313	67.42467
314	55.30132
315	41.613503
316	21.81197
317	91.496414
318	41.064686
319	77.74469
320	60.407246
321	73.01056
322	55.509865
323	50.70034
324	51.1817
325	52.38926
326	29.61904
327	13.967608
328	59.11257
329	39.597744
330	47.555855
331	55.674232
332	60.478344
333	34.799778
334	55.121635
335	64.81553
336	42.38273
337	51.772663
338	34.581165
339	59.140717
340	30.683926
341	84.60443
342	56.198353
343	48.912987
344	72.303375
345	4.7776685
346	51.119755
347	67.328026
348	57.9856
349	30.529581
350	64.912285
351	30.050648
352	64.267975
353	55.073215
354	23.846031
355	18.358994
356	25.941742
357	73.16106
358	65.14926
359	65.47217
360	62.306473
361	50.629253
362	25.354816
363	24.445766
364	31.84633
365	57.700974
366	63.769943
367	21.571024
368	27.482521
369	32.10395
370	32.49763
371	60.038742
372	37.343723
373	27.441587
374	70.91888
375	41.012703
376	38.984493
377	55.098022
378	14.536665
379	55.256718
380	50.932686
381	51.30777
382	44.21252
383	28.37612
384	95.07857
385	43.64675
386	72.555435
387	39.049736
388	59.84925
389	74.46357
390	56.73575
391	14.521789
392	23.082304
393	74.77092
394	46.200516
395	14.216889
396	81.788284
397	54.41362
398	19.181229
399	93.12313
400	35.382145
401	12.054752
402	23.331102
403	39.630127
404	27.344278
405	40.571404
406	50.74572
407	58.628555
408	52.347675
409	28.726986
410	50.803696
411	25.122795
412	44.742233
413	55.989407
414	49.403984
415	71.18794
416	69.965225
417	62.74505
418	64.274414
419	80.67917
420	41.330727
421	51.362442
422	16.909342
423	23.724482
424	87.78226
425	16.761381
426	24.181572
427	43.66006
428	34.37477
429	69.226
430	63.024933
431	41.23594
432	58.644424
433	18.044981
434	66.844376
435	16.170385
436	80.59169
437	60.790176
438	68.22999
439	49.153545
440	68.73198
441	85.976654
442	78.61488
443	49.75247
444	58.951694
445	32.541718
446	36.136784
447	74.155685
448	76.682846
449	66.02741
450	70.68004
451	48.808342
452	48.721004
453	37.82524
454	9.787275
455	16.106417
456	24.893625
457	69.546906
458	72.470535
459	31.42459
460	38.00323
461	32.087597
462	40.981968
463	77.07732
464	17.73817
465	35.965282
466	50.25001
467	47.670345
468	29.44672
469	53.17017
470	18.54813
471	46.667034
472	33.33024
473	39.01328
474	43.20364
475	19.129013
476	94.37678
477	20.964396
478	27.500216
479	28.156124
480	29.576822
481	40.57306
482	49.738083
483	44.781387
484	47.7511
485	6.4174194
486	20.031113
487	45.787895
488	51.1922
489	46.968727
490	51.58117
491	12.354472
492	29.37225
493	36.25688
494	80.098114
495	23.322466
496	45.41588
497	41.43795
498	72.7379
499	78.53561
500	83.22566
501	54.369522
502	72.34001
503	39.895042
504	60.09188
505	27.068874
506	29.927385
507	75.67823
508	54.6703
509	54.167767
510	41.232105
511	77.671265
512	60.03058
513	4.2601876
514	49.729908
515	13.564033
516	13.753618
517	46.20304
518	51.776558
519	57.712
520	59.919346
521	50.704163
522	37.69427
523	46.173557
524	73.09917
525	60.995556
526	42.027054
527	40.481262
528	38.946564
529	58.57811
530	54.385685
531	24.985249
532	65.086235
533	38.749268
534	65.94017
535	57.19684
536	52.311226
537	82.401886
538	17.61372
539	34.525375
540	36.78046
541	61.73568
542	61.403427
543	34.141003
544	38.96835
545	68.04926
546	25.999104
547	45.411034
548	64.55121
549	19.683771
550	40.842648
551	84.050964
552	65.31967
553	40.034767
554	33.984432
555	28.837955
556	95.50609
557	58.058132
558	27.09604
559	35.794518
560	51.406776
561	38.937496
562	27.31754
563	38.06828
564	49.992443
565	55.166985
566	23.192974
567	50.368866
568	53.39871
569	63.378624
570	41.609566
571	87.441536
572	27.103092
573	32.46197
574	37.62304
575	49.196064
576	70.36687
577	37.41979
578	44.422226
579	34.49454
580	64.74946
581	10.55185
582	54.067337
583	62.162724
584	75.68735
585	59.13952
586	33.076748
587	56.99122
588	66.393326
589	76.12715
590	24.411472
591	29.68875
592	18.332962
593	51.358006
594	28.492123
595	47.147675
596	61.397026
597	68.080605
598	69.555664
599	50.86093
600	5.7845078
601	30.086868
602	26.697357
603	47.989357
604	32.078102
605	68.58556
606	42.979343
607	44.51207
608	60.27254
609	22.737532
610	70.767075
611	10.842107
612	53.980415
613	63.821877
614	31.164112
615	42.10756
616	85.98648
617	28.08347
618	63.343422
619	27.751114
620	43.129555
621	82.294876
622	37.101715
623	55.78049
624	45.409275
625	16.121786
626	52.431217
627	39.876762
628	42.58695
629	42.82231
630	43.320103
631	67.21802
632	57.83169
633	31.062794
634	14.064691
635	3.991553
636	21.569359
637	34.913902
638	18.683231
639	30.301138
640	31.355091
641	46.156097
642	43.472828
643	61.02809
644	60.43978
645	63.330463
646	43.16287
647	23.567902
648	61.77143
649	68.24845
650	49.079887
651	8.517006
652	64.61017
653	50.240356
654	38.0064
655	55.354565
656	28.819193
657	37.629242
658	42.7091
659	40.76046
660	65.11251
661	32.1124
662	55.31801
663	44.390903
664	14.091425
665	49.207508
666	32.460552
667	74.72473
668	21.802748
669	37.146996
670	61.600212
671	60.45288
672	61.86564
673	48.560295
674	28.549309
675	72.73157
676	45.666245
677	17.547424
678	35.89657
679	59.58922
680	34.536232
681	24.86629
682	95.229034
683	47.9521
684	84.14765
685	20.077051
686	52.758324
687	46.175926
688	48.85154
689	38.185318
690	38.958782
691	72.786575
692	30.611681
693	38.593502
694	52.566135
695	27.204536
696	41.998795
697	69.09463
698	82.05563
699	46.1925
700	78.962326
701	59.873024
702	72.23866
703	54.007893
704	44.198524
705	34.234398
706	56.015896
707	52.770897
708	38.072716
709	80.76504
710	15.6665125
711	55.649254
712	15.406828
