0	49.808315
1	89.053085
2	84.90759
3	56.971737
4	49.322525
5	71.87567
6	50.814976
7	44.980995
8	95.96596
9	74.7132
10	80.96081
11	15.713675
12	6.191948
13	34.852634
14	83.03965
15	30.450274
16	74.712494
17	32.68735
18	24.318108
19	99.557594
20	63.667244
21	61.48399
22	58.520775
23	78.36527
24	30.071686
25	55.338764
26	98.41085
27	17.940048
28	21.557554
29	73.60954
30	53.342716
31	84.6406
32	15.014847
33	47.683243
34	68.89572
35	19.721825
36	87.02554
37	17.807472
38	62.72374
39	17.22468
40	22.44929
41	45.112206
42	55.247932
43	6.982934
44	64.93453
45	45.95829
46	29.975042
47	19.507244
48	56.638885
49	53.669605
50	6.822137
51	34.583206
52	26.263784
53	68.2171
54	17.495258
55	20.939632
56	15.847029
57	4.807117
58	95.16733
59	1.5640068
60	75.09119
61	56.75554
62	40.2467
63	63.991146
64	79.81272
65	69.280365
66	18.52434
67	78.074875
68	6.7971525
69	41.33504
70	26.409695
71	34.950153
72	51.203663
73	36.141636
74	62.085815
75	0.33619663
76	95.29421
77	2.9553404
78	70.43979
79	28.467413
80	53.148922
81	71.8328
82	61.48141
83	66.26778
84	20.490374
85	51.781483
86	68.07725
87	60.902187
88	77.559296
89	63.928387
90	53.902416
91	31.018414
92	18.541122
93	31.163748
94	21.417688
95	88.24453
96	95.82882
97	21.15453
98	67.58248
99	97.83968
100	50.740208
101	58.769
102	23.282867
103	93.24734
104	33.58332
105	87.48526
106	86.11801
107	78.430695
108	75.31192
109	22.179998
110	3.9346788
111	16.01507
112	98.566734
113	69.315605
114	20.008469
115	74.97919
116	85.743484
117	38.157726
118	37.680485
119	71.16934
120	1.3866425
121	62.370983
122	92.88835
123	72.57732
124	35.853855
125	59.56789
126	94.651764
127	13.265971
128	89.34926
129	61.807
130	8.721037
131	75.48183
132	68.31471
133	72.13768
134	43.712997
135	93.761826
136	69.519035
137	52.77897
138	52.124256
139	66.12483
140	43.06812
141	40.02625
142	57.86426
143	82.08214
144	51.555202
145	90.75462
146	30.623837
147	45.949432
148	66.66151
149	61.445213
150	22.149725
151	90.622
152	34.594116
153	61.88347
154	52.85541
155	21.573336
156	13.716692
157	68.82281
158	61.43445
159	18.964994
160	86.23158
161	46.808807
162	16.453888
163	56.63545
164	53.13567
165	92.345215
166	31.046267
167	60.518223
168	56.642815
169	32.14358
170	45.75893
171	69.4024
172	55.680264
173	71.72268
174	6.784041
175	35.77126
176	11.648931
177	40.436344
178	68.50954
179	69.52169
180	0.007663134
181	3.441982
182	44.46456
183	56.543407
184	43.897167
185	65.05182
186	4.554022
187	53.966
188	22.717808
189	27.790129
190	80.08174
191	8.307324
192	20.460798
193	3.3376284
194	25.78324
195	83.75934
196	52.735687
197	40.483658
198	88.30292
199	14.394273
200	44.942356
201	15.202116
202	91.626366
203	70.99176
204	91.83992
205	94.87038
206	17.458965
207	54.968285
208	49.69865
209	81.57978
210	12.811246
211	88.6065
212	9.856973
213	40.92845
214	90.38876
215	46.13838
216	74.505806
217	19.147295
218	27.319508
219	80.645004
220	64.0057
221	63.596653
222	49.202507
223	36.560978
224	85.240204
225	72.12736
226	47.329773
227	49.601364
228	79.11786
229	96.243256
230	22.713337
231	49.67498
232	54.381405
233	48.27728
234	35.44514
235	96.833694
236	86.36292
237	82.43713
238	8.863816
239	72.381516
240	58.08719
241	50.606018
242	28.858936
243	12.864965
244	85.94193
245	78.932724
246	40.13376
247	4.294039
248	39.30104
249	99.87099
250	62.760307
251	76.45573
252	3.4988286
253	84.69223
254	83.44721
255	81.91503
256	64.05867
257	69.267006
258	32.371254
259	24.124508
260	67.36721
261	9.050213
262	67.40154
263	85.060196
264	65.44415
265	50.67617
266	63.205215
267	1.4150654
268	72.02457
269	2.4130895
270	96.04439
271	39.2447
272	41.433243
273	23.132229
274	73.77572
275	31.435617
276	55.83072
277	74.91378
278	53.682144
279	56.42961
280	75.34643
281	36.093163
282	8.959341
283	15.702118
284	44.132607
285	21.142569
286	15.768646
287	63.63029
288	85.4671
289	53.774815
290	42.394493
291	28.322847
292	85.50318
293	22.882668
294	27.977465
295	92.678955
296	19.143631
297	12.368341
298	26.310133
299	50.18629
300	8.743892
301	45.161076
302	7.2170463
303	15.500129
304	64.247475
305	90.11673
306	89.4709
307	12.79474
308	62.628742
309	30.643679
310	4.89038
311	82.99175
312	37.678253
313	40.42321
314	67.47237
315	30.46713
316	5.9688277
317	88.53521
318	46.56124
319	16.756443
320	58.654552
321	72.42246
322	6.8977866
323	11.66297
324	89.4226
325	91.2896
326	37.044193
327	90.18224
328	39.73023
329	39.42373
330	92.91265
331	0.09572451
332	54.362217
333	99.23103
334	32.677307
335	9.505957
336	3.083663
337	24.995653
338	56.553776
339	70.393654
340	61.763157
341	31.679777
342	84.832245
343	54.365944
344	68.480225
345	85.48975
346	23.586096
347	8.593558
348	90.41864
349	21.310913
350	97.91502
351	41.75254
352	5.9307113
353	18.921877
354	34.28673
355	89.30616
356	9.058949
357	41.663414
358	60.406815
359	90.405365
360	92.54834
361	87.640915
362	87.68722
363	16.11422
364	37.84669
365	96.0242
366	4.511957
367	6.068258
368	13.558063
369	47.707226
370	84.0517
371	93.9719
372	16.444698
373	7.9766684
374	53.618637
375	86.637566
376	18.518492
377	36.3695
378	88.04176
379	88.340485
380	27.38784
381	51.092697
382	95.224754
383	2.2814183
384	11.794705
385	74.937904
386	76.985535
387	80.91695
388	33.636616
389	19.907698
390	31.695366
391	70.4931
392	51.62533
393	38.227245
394	57.584503
395	21.611923
396	40.799038
397	41.30683
398	76.27303
399	91.07809
400	98.08167
401	5.115423
402	23.136494
403	78.729836
404	45.196075
405	25.444843
406	31.29148
407	39.54044
408	84.475975
409	59.688675
410	69.287346
411	85.983574
412	10.485289
413	93.02965
414	79.01582
415	48.487766
416	30.841116
417	96.32362
418	99.90113
419	92.76242
420	3.2505314
421	0.4879817
422	58.10908
423	1.8597037
424	52.509197
425	97.84668
426	45.31428
427	18.043715
428	91.07332
429	94.65375
430	10.490433
431	4.870458
432	29.804642
433	80.911545
434	40.239468
435	33.338955
436	31.601534
437	53.619724
438	8.351041
439	17.556145
440	29.867405
441	27.735222
442	33.584717
443	25.064983
444	6.1310754
445	93.54547
446	58.706123
447	8.164617
448	3.247357
449	66.24189
450	59.324112
451	0.9323037
452	50.623314
453	85.95291
454	97.74114
455	28.894653
456	46.925343
457	76.42048
458	77.11986
459	52.417797
460	25.167559
461	68.984764
462	40.384277
463	64.57589
464	57.742645
465	0.09650917
466	92.1517
467	0.27600032
468	22.346127
469	4.40842
470	12.902968
471	17.55819
472	72.911476
473	23.618418
474	59.742348
475	39.43256
476	49.211575
477	73.31952
478	93.09278
479	23.913696
480	55.946342
481	92.97609
482	99.608635
483	86.19033
484	96.85454
485	56.286407
486	60.774708
487	27.966356
488	74.43535
489	8.674186
490	94.16144
491	0.7016063
492	75.265175
493	3.0223598
494	20.786917
495	83.6817
496	73.03111
497	7.8709874
498	60.787033
499	70.27944
500	13.753539
501	89.48878
502	40.802605
503	59.52435
504	3.9849849
505	96.96113
506	80.73246
507	97.764854
508	8.099295
509	18.32882
510	75.538574
511	14.663096
512	54.71136
513	31.993952
514	74.06482
515	42.206913
516	62.028847
517	78.61773
518	95.66897
519	16.481272
520	1.4965131
521	93.44917
522	61.875446
523	56.86282
524	84.07845
525	64.319084
526	89.53316
527	50.37191
528	78.162674
529	5.533725
530	16.96289
531	98.848404
532	41.678158
533	77.57057
534	94.77092
535	56.325977
536	2.6391592
537	39.11821
538	81.71422
539	37.739334
540	81.472244
541	95.765915
542	5.149412
543	21.690977
544	72.02569
545	18.249374
546	33.57863
547	38.451077
548	47.703514
549	64.16897
550	78.96541
551	90.33472
552	28.493443
553	74.580696
554	90.71737
555	24.001925
556	10.79202
557	81.12743
558	4.5503125
559	81.2294
560	33.450996
561	68.61916
562	36.652218
563	62.211964
564	9.317115
565	30.119223
566	83.4848
567	17.957932
568	91.97839
569	11.072764
570	4.7316265
571	20.255726
572	99.21084
573	52.655704
574	4.5594893
575	63.577778
576	72.69772
577	22.39325
578	63.565193
579	77.49658
580	53.96721
581	62.489754
582	4.626846
583	45.076885
584	81.72138
585	98.496
586	82.33973
587	4.4536786
588	62.22359
589	95.91704
590	25.350954
591	24.172295
592	72.04991
593	67.455765
594	11.976442
595	32.440445
596	3.5955195
597	68.2195
598	57.47838
599	62.530624
600	38.038803
601	8.23796
602	70.11071
603	65.01955
604	32.412075
605	36.348717
606	30.40347
607	88.82079
608	43.85302
609	41.322666
610	80.40034
611	87.08828
612	72.664635
613	56.996708
614	58.843052
615	11.669749
616	4.241052
617	39.3471
618	31.851791
619	50.87722
620	84.47386
621	23.649872
622	38.06883
623	31.401262
624	35.88852
625	96.592514
626	61.124718
627	13.703736
628	94.33624
629	86.880455
630	29.928387
631	52.06188
632	61.798573
633	57.683403
634	8.0383005
635	82.08573
636	26.523
637	49.64286
638	17.790464
639	6.4714265
640	47.33274
641	19.135994
642	78.43295
643	49.233353
644	65.51769
645	98.7687
646	9.152415
647	40.223396
648	95.839516
649	55.292416
650	61.060814
651	9.846872
652	26.498781
653	61.965607
654	68.26942
655	22.730703
656	56.256947
657	82.961006
658	97.22555
659	68.08087
660	45.220894
661	22.377142
662	78.09122
663	45.71574
664	64.905685
665	34.494896
666	68.7659
667	60.167603
668	5.602843
669	94.71155
670	73.04788
671	37.36901
672	85.24819
673	52.251804
674	57.39685
675	16.547756
676	91.40974
677	40.502308
678	24.43694
679	53.568893
680	10.820187
681	21.427637
682	46.955738
683	71.99819
684	51.519417
685	89.28612
686	62.61233
687	2.2793877
688	80.90637
689	21.395853
690	10.046788
691	68.949745
692	73.25956
693	53.431248
694	38.963043
695	22.55995
696	35.374443
697	98.52062
698	50.540207
699	97.11394
700	16.918562
701	87.39251
702	32.83669
703	19.09574
704	12.77211
705	21.021334
706	90.09892
707	26.575172
708	45.99121
709	2.6816566
710	43.446754
711	38.584496
712	49.86508
713	86.82618
714	41.356453
715	9.006038
716	75.44303
717	73.739204
718	42.451595
719	58.365284
720	50.03031
721	51.23475
722	38.14126
723	69.46552
724	58.827934
725	68.42156
726	88.23431
727	94.593834
728	54.582047
729	51.249516
730	48.385147
731	90.29997
732	85.01785
733	71.39644
734	11.726837
735	3.2351518
736	50.051075
737	27.859863
738	55.517868
739	35.02362
740	86.21333
741	35.87985
742	59.123337
743	60.993404
744	12.1771755
745	57.86379
746	34.149006
747	92.54739
748	27.404375
749	61.23501
750	93.18594
751	90.78554
752	75.71469
753	25.768963
754	2.9805598
755	90.61058
756	32.789043
757	12.967872
758	68.431656
759	4.582729
760	92.10213
761	80.19985
762	51.012943
763	36.800888
764	17.756748
765	55.26234
766	6.3604555
767	4.615395
768	89.173805
769	92.304344
770	20.378727
771	56.6118
772	81.85648
773	88.46582
774	35.380527
775	17.29548
776	30.765263
777	87.921135
778	5.4313107
779	65.888664
780	35.46741
781	38.916443
782	78.7917
783	65.71304
784	58.301537
785	8.826129
786	4.939592
787	92.292465
788	44.4458
789	66.132996
790	64.32509
791	46.753525
792	94.25811
793	49.80536
794	36.724525
795	98.57339
796	85.37784
797	64.172325
798	29.967958
799	55.878143
800	47.404076
801	25.46832
802	99.93505
803	46.683426
804	72.765045
805	68.6227
806	63.557163
807	27.456524
808	10.608297
809	32.606163
810	22.524069
811	64.182434
812	9.065414
813	34.727028
814	46.122787
815	75.9655
816	74.706985
817	97.61271
818	81.770676
819	92.63948
820	36.235584
821	5.22437
822	17.102152
823	68.75562
824	31.053043
825	90.61287
826	80.54154
827	1.4157666
828	89.06019
829	51.89954
830	76.849236
831	37.07699
832	16.300491
833	9.980554
834	68.64944
835	37.11579
836	19.963223
837	40.784336
838	23.662012
839	73.03575
840	56.021065
841	12.016526
842	45.658752
843	98.28853
844	8.934938
845	45.86702
846	16.202772
847	27.707088
848	37.559963
849	81.564224
850	18.96622
851	36.826283
852	50.113594
853	62.00298
854	65.351524
855	66.170845
856	76.38516
857	6.7582397
858	8.197779
859	80.80388
860	27.177454
861	96.37164
862	14.302181
863	30.290308
864	94.88415
865	87.68903
866	96.470985
867	61.549572
868	17.174303
869	98.44045
870	23.404833
871	73.88324
872	0.82607603
873	18.633379
874	22.63728
875	74.08314
876	29.457684
877	11.470449
878	59.954197
879	76.96224
880	66.893196
881	30.99326
882	78.43509
883	71.65235
884	0.9576831
885	37.865025
886	14.088934
887	15.9532795
888	34.89903
889	22.860628
890	26.346548
891	10.912354
892	95.092766
893	32.43796
894	65.69274
895	17.914955
896	31.941477
897	58.499954
898	71.79778
899	42.895363
900	69.82818
901	79.45663
902	20.604298
903	18.508814
904	62.13093
905	24.560501
906	13.88285
907	86.22047
908	25.02743
909	81.13422
910	81.29324
911	6.7395372
912	43.825985
913	65.82601
914	16.66194
915	5.1978717
916	52.85024
917	61.074863
918	20.680641
919	87.22901
920	9.774656
921	61.093517
922	61.97344
923	79.19329
924	64.00669
925	40.833416
926	87.920784
927	44.05692
928	57.309174
929	17.690742
930	52.789745
931	47.574944
932	81.63225
933	16.825285
934	25.371967
935	23.420038
936	66.02059
937	99.97046
938	64.67866
939	43.73008
940	17.453224
941	73.362274
942	28.492699
943	32.2393
944	58.279007
945	21.399342
946	10.314472
947	94.17151
948	53.789345
949	40.013405
950	72.41895
951	0.35750327
952	28.893705
