0	50.093933
1	14.793108
2	82.46745
3	81.20029
4	42.898365
5	35.704273
6	9.246323
7	62.76671
8	5.85939
9	6.175615
10	84.89987
11	74.97863
12	52.40787
13	80.57773
14	46.234756
15	43.37473
16	49.99269
17	43.775364
18	90.303535
19	51.286076
20	29.016336
21	86.96946
22	15.632181
23	42.54298
24	50.131813
25	23.356842
26	21.74109
27	21.945244
28	57.709076
29	38.596786
30	9.839575
31	97.39758
32	42.213238
33	3.4874873
34	32.176834
35	40.985657
36	69.12256
37	69.7216
38	36.27217
39	9.283096
40	88.23219
41	10.868885
42	42.107197
43	5.3642125
44	61.115063
45	44.662117
46	68.83902
47	29.97488
48	69.423515
49	84.56926
50	16.87863
51	35.836613
52	92.369675
53	52.0169
54	39.03737
55	51.093987
56	1.5878634
57	33.35908
58	29.006458
59	93.28738
60	61.69081
61	27.348646
62	75.4872
63	81.07027
64	68.92648
65	81.45039
66	47.447987
67	15.566745
68	82.049515
69	72.33823
70	39.16083
71	17.747293
72	72.401405
73	18.73481
74	4.467421
75	62.209087
76	69.72284
77	2.4577641
78	48.675835
79	56.725098
80	46.263546
81	41.760185
82	87.70619
83	46.604755
84	45.8105
85	41.450775
86	16.611729
87	48.15517
88	75.53348
89	52.21269
90	38.792496
91	4.2165728
92	53.259907
93	58.5771
94	10.752981
95	11.681275
96	45.054043
97	45.816845
98	57.838463
99	55.18175
100	96.93856
101	42.429546
102	87.96989
103	84.980896
104	18.743122
105	65.289474
106	53.204426
107	17.80335
108	33.83601
109	78.45387
110	85.71057
111	46.08096
112	11.539162
113	60.30744
114	88.77803
115	25.556175
116	84.251434
117	78.668
118	43.465263
119	23.16456
120	86.49301
121	76.344154
122	38.897987
123	70.41868
124	44.612476
125	99.73544
126	51.2998
127	64.622
128	87.92306
129	86.70711
130	72.935555
131	46.15263
132	59.513935
133	0.070381075
134	31.782354
135	3.842856
136	48.72248
137	80.82853
138	52.674335
139	39.042084
140	47.682228
141	51.532448
142	2.5235772
143	40.424572
144	15.3506365
145	31.527805
146	57.591167
147	92.07888
148	20.566603
149	94.91777
150	95.61839
151	20.24004
152	70.84232
153	77.14381
154	94.835976
155	6.6680098
156	61.748127
157	85.14061
158	10.525789
159	39.7204
160	4.2907867
161	89.3884
162	89.51418
163	45.80926
164	49.59107
165	88.430695
166	81.12404
167	36.0749
168	51.813457
169	2.276983
170	59.696526
171	46.187664
172	23.019663
173	54.270454
174	60.278652
175	31.027637
176	21.259941
177	85.73123
178	27.113092
179	69.29985
180	51.351254
181	82.75218
182	17.289577
183	89.95571
184	82.783424
185	89.02892
186	93.31994
187	80.16871
188	62.754982
189	53.173763
190	36.976425
191	56.346207
192	37.082073
193	65.66973
194	87.6499
195	25.4535
196	73.77536
197	6.828155
198	63.243282
199	32.97847
200	92.04181
201	55.753647
202	71.02521
203	69.82999
204	75.68438
205	4.965808
206	51.191364
207	15.881361
208	17.499582
209	58.34204
210	92.09581
211	54.194447
212	99.82547
213	41.767853
214	16.860468
215	8.970444
216	64.42571
217	98.01762
218	73.04793
219	3.5337903
220	9.563529
221	47.929943
222	86.61977
223	28.43881
224	76.580864
225	46.98201
226	20.612953
227	98.513756
228	86.07799
229	65.92906
230	98.0504
231	12.144868
232	39.37118
233	90.1362
234	88.89216
235	82.32209
236	16.491804
237	19.112732
238	82.516
239	2.2419636
240	14.695004
241	97.93278
242	97.94704
243	5.404475
244	0.5285001
245	72.85928
246	20.459398
247	60.465057
248	91.3287
249	81.15607
250	13.046199
251	27.185532
252	78.30355
253	4.5805955
254	51.583694
255	35.152054
256	40.00489
257	30.900028
258	80.43453
259	19.51277
260	41.513332
261	69.30036
262	20.46262
263	51.438465
264	82.234726
265	42.948315
266	94.86436
267	52.084743
268	14.9242115
269	60.123325
270	62.632618
271	32.619682
272	83.68032
273	34.17121
274	24.23832
275	83.54334
276	46.878082
277	10.729549
278	88.2799
279	24.096403
280	4.6248484
281	64.22188
282	19.761818
283	89.86197
284	54.41164
285	6.6360188
286	45.460026
287	32.334106
288	46.91447
289	17.94674
290	59.139885
291	96.42359
292	46.525013
293	34.488564
294	63.425163
295	93.326935
296	1.5895317
297	34.32844
298	40.640884
299	97.74957
300	33.83076
301	84.2435
302	24.286367
303	9.271517
304	50.437912
305	26.148855
306	82.495316
307	54.765896
308	53.392345
309	87.455154
310	51.59462
311	32.612804
312	28.003405
313	36.462795
314	70.40289
315	33.99084
316	55.370506
317	3.594326
318	71.715385
319	59.836277
320	72.16026
321	81.89627
322	70.95023
323	60.367577
324	66.0877
325	32.282665
326	61.866882
327	17.108047
328	50.005558
329	25.53172
330	65.19137
331	93.82326
332	60.25448
333	99.378746
334	81.92373
335	25.959314
336	65.56029
337	82.207855
338	55.442787
339	3.2046614
340	5.0837183
341	63.686295
342	33.687977
343	72.759995
344	95.62099
345	16.769077
346	77.61
347	48.00651
348	41.958775
349	86.701096
350	47.62289
351	37.88067
352	22.274128
353	41.452877
354	79.27012
355	96.26166
356	62.84049
357	39.1364
358	3.1376607
359	39.913136
360	67.70366
361	46.823555
362	15.810888
363	25.565125
364	33.09652
365	59.356075
366	34.93482
367	98.550026
368	91.56512
369	63.448837
370	66.86992
371	14.465467
372	95.84512
373	58.54281
374	25.611372
375	83.39685
376	80.108284
377	60.51453
378	83.55997
379	99.21061
380	75.47586
381	8.110132
382	6.3714385
383	35.94826
384	48.387028
385	60.224255
386	75.0809
387	50.762688
388	15.050058
389	27.204735
390	83.92709
391	3.0198023
392	57.01543
393	13.500412
394	82.72057
395	37.650204
396	16.438496
397	71.72831
398	1.1612715
399	99.86797
400	49.306175
401	40.599766
402	18.780258
403	15.377681
404	7.9992027
405	71.863945
406	42.942875
407	78.900475
408	91.83638
409	78.630684
410	1.1763415
411	92.81423
412	28.982363
413	67.61294
414	90.37219
415	9.303949
416	94.45924
417	12.463871
418	47.544815
419	56.638645
420	82.17097
421	63.05533
422	24.266043
423	17.063576
424	24.029396
425	83.798134
426	7.1025295
427	59.674168
428	96.76245
429	97.97103
430	75.21187
431	36.697533
432	91.45613
433	6.4939075
434	47.737114
435	47.408302
436	58.089436
437	59.44425
438	37.409084
439	22.831228
440	52.65303
441	71.6041
442	18.660244
443	86.433754
444	7.899747
445	63.32859
446	18.943172
447	36.602276
448	99.30402
449	8.116657
450	80.32409
451	86.79535
452	45.7639
453	35.212894
454	61.060078
455	34.694183
456	43.75307
457	5.7561817
458	95.19072
459	99.06577
460	58.06086
461	58.852386
462	50.171013
463	31.547392
464	17.810097
465	17.513596
466	44.57305
467	55.5443
468	79.80874
469	71.28884
470	35.53079
471	70.74652
472	58.130104
473	96.75289
474	62.874615
475	58.411213
476	8.393773
477	39.737373
478	20.3964
479	35.769875
480	79.23191
481	93.97624
482	86.32756
483	28.962461
484	89.711685
485	97.334595
486	90.35402
487	75.14109
488	21.200823
489	15.722139
490	77.03797
491	71.65462
492	16.045654
493	18.018543
494	66.8627
495	43.30729
496	60.742195
497	83.79482
498	43.029034
499	65.70975
500	3.8112073
501	6.4203863
502	16.636927
503	33.72112
504	73.63864
505	6.126768
506	70.17752
507	50.518772
508	60.72234
509	73.14681
510	96.31609
511	16.092884
512	38.617435
513	36.872757
514	56.269875
515	61.12292
516	47.540977
517	39.278175
518	62.56837
519	59.16496
520	7.373167
521	45.63944
522	24.511526
523	34.24204
524	1.7752085
525	55.776035
526	54.20523
527	32.201126
528	42.253876
529	77.919014
530	26.53359
531	39.44069
532	70.781425
533	84.73702
534	70.54264
535	28.818
536	87.61885
537	80.425
538	17.702713
539	45.729733
540	48.561714
541	92.30692
542	64.65596
543	29.717466
544	99.90783
545	47.641346
546	13.010084
547	56.112885
548	99.209885
549	72.8993
550	38.931755
551	0.426693
552	16.903505
553	98.40225
554	11.665163
555	35.54874
556	11.42053
557	59.227814
558	35.194992
559	54.62912
560	65.487076
561	94.72669
562	74.11073
563	99.92831
564	90.21241
565	17.21882
566	79.29492
567	79.83268
568	8.045147
569	14.031199
570	11.329667
571	83.955284
572	5.828073
573	33.05451
574	17.290861
575	52.292778
576	69.95872
577	58.933
578	96.16218
579	48.841583
580	29.540333
581	60.819946
582	8.21472
583	98.37571
584	59.299053
585	20.785667
586	66.38341
587	5.399072
588	86.40088
589	95.25332
590	79.18906
591	33.350113
592	59.77383
593	81.45106
594	61.667316
595	37.641247
596	80.085754
597	15.385574
598	31.82045
599	66.13431
600	47.46097
601	8.053762
602	89.763176
603	32.059795
604	46.225914
605	61.47294
606	65.50293
607	38.313747
608	5.8791666
609	13.350964
610	49.678978
611	65.28127
612	58.087646
613	88.96186
614	34.69566
615	88.92389
616	59.23305
617	26.49977
618	23.13015
619	38.503376
620	54.63489
621	73.318886
622	53.00802
623	13.713008
624	84.56546
625	67.04121
626	63.514618
627	74.17477
628	15.090961
629	83.27796
630	12.310857
631	27.123129
632	74.86719
633	65.03421
634	99.39945
635	22.355577
636	88.58499
637	17.473928
638	26.336683
639	47.28028
640	70.13914
641	47.964695
642	6.3624744
643	75.771545
644	16.343113
645	94.339355
646	42.94262
647	31.971281
648	63.0058
649	41.315784
650	19.06795
651	38.07133
652	49.85674
653	7.3319316
654	26.29801
655	18.078283
656	55.217724
657	35.008835
658	8.793116
659	38.92728
660	70.91094
661	91.163284
662	49.5109
663	8.066416
664	47.894463
665	16.824705
666	60.98944
667	30.66467
668	13.416812
669	13.220515
670	66.466095
671	61.82368
672	70.474365
673	28.33925
674	65.836525
675	3.4651089
676	26.772528
677	61.13311
678	77.218414
679	90.39077
680	14.208571
681	76.3458
682	94.67669
683	31.31786
684	86.774475
685	44.21757
686	69.38471
687	45.609528
688	69.96455
689	4.240585
690	79.94116
691	17.968145
692	37.822323
693	90.461464
694	11.10281
695	84.94574
696	62.688972
697	30.97936
698	79.619385
699	87.44841
700	33.81994
701	98.59615
702	27.876287
703	66.119026
704	2.0295918
705	11.570996
706	74.68603
707	18.91464
708	67.94811
709	23.255266
710	61.79933
711	57.62239
712	13.804541
713	84.882286
714	16.712076
715	90.40195
716	84.02976
717	62.958702
718	58.871048
719	18.902527
720	53.112183
721	29.436678
722	19.010569
723	94.16006
724	30.141924
725	63.766785
726	24.858793
727	74.06872
728	73.41544
729	20.59519
730	19.151695
731	0.29505244
732	79.90803
733	55.387466
734	6.6731834
735	66.22912
736	37.625687
737	10.3752365
738	54.33069
739	99.13041
740	92.45245
741	26.341843
742	0.64646757
743	94.62835
744	66.03379
745	26.171051
746	20.658823
747	10.211
748	11.788808
749	56.293842
750	9.245366
751	11.070775
752	35.165417
753	71.05902
754	96.24445
755	42.49928
756	50.16426
757	41.420017
758	14.464991
759	37.16657
760	43.48275
761	12.02177
762	62.697315
763	23.626345
764	23.919033
765	92.111115
766	92.12742
767	58.36049
768	31.48124
769	38.12744
770	71.59728
771	40.30455
772	70.13004
773	79.27891
774	96.540535
775	42.738144
776	7.6302867
777	3.0142524
778	66.830025
779	19.067924
780	41.222805
781	83.802574
782	84.90493
783	30.801723
784	67.064026
785	23.798464
786	62.164352
787	92.950096
788	98.51934
789	99.28321
790	17.038889
791	37.9393
792	48.647602
793	58.080475
794	46.84645
795	83.851074
796	97.64574
797	7.72461
798	93.70954
799	45.07476
800	32.01942
801	56.98363
802	3.1248286
803	25.35321
804	56.93764
805	26.766035
806	38.614628
807	78.33103
808	99.78932
809	94.65841
810	52.626705
811	1.4019613
812	33.30627
813	50.320858
814	28.079765
815	2.9400427
816	47.639713
817	63.179585
818	46.360016
819	85.29931
820	36.074913
821	94.66322
822	2.5189345
823	42.284645
824	50.321373
825	87.312035
826	36.570564
827	69.97234
828	3.303856
829	33.93396
830	36.039536
831	21.00737
832	67.623085
833	59.248775
834	84.76161
835	24.604767
836	2.795462
837	68.94188
838	68.12733
839	24.442863
840	55.777905
841	57.56828
842	14.566691
843	16.453154
844	15.470858
845	11.050783
846	62.394894
847	97.72392
848	35.579113
849	97.55703
850	59.744892
851	0.82698214
852	40.485126
853	82.329346
854	19.23568
855	73.41173
856	47.18828
857	39.326088
858	19.650742
859	17.015602
860	68.350136
861	91.90732
862	86.37515
863	99.63703
864	1.758113
865	38.142277
866	60.13783
867	79.48091
868	14.873065
869	74.56036
870	29.816633
871	74.64033
872	87.16034
873	37.064102
874	41.96307
875	22.234156
876	94.79912
877	28.754972
878	18.311428
879	33.488903
880	44.783947
881	3.7560701
882	2.4067755
883	46.42135
884	12.877573
885	34.88097
886	62.689617
887	3.105913
888	82.0391
889	15.918642
890	8.741085
891	16.574434
892	79.87581
893	16.487932
894	81.09378
895	27.590208
896	92.5904
897	45.321026
898	1.7176822
899	69.655685
900	5.032863
901	2.8351939
902	49.891785
903	12.638029
904	89.22654
905	12.106714
906	2.6031268
907	38.57979
908	64.9306
909	67.6202
910	61.493183
911	79.32183
912	16.153147
913	98.9669
914	60.422684
915	88.95116
916	70.96499
917	98.29683
918	72.323326
919	31.249676
920	67.7901
921	98.50647
922	24.316105
923	63.545757
924	97.22368
925	72.06091
926	91.85521
927	44.70085
928	87.522736
929	47.799088
930	45.910934
931	80.682686
932	88.19821
933	31.114431
934	77.42906
935	13.092958
936	5.1102
937	20.340366
938	41.071663
939	61.198315
940	42.707695
941	2.0971153
942	62.35777
943	19.261631
944	47.961246
945	18.566338
946	28.326918
947	31.413359
948	2.9799497
949	82.623436
950	51.855877
951	87.077385
952	81.28683
