0	47.458603
1	53.354473
2	16.73059
3	83.7741
4	13.224035
5	1.3557957
6	39.020424
7	3.6884913
8	16.557148
9	4.2325115
10	78.43688
11	86.35793
12	19.99653
13	95.24877
14	50.261314
15	39.799725
16	57.12776
17	28.558418
18	46.94106
19	29.614918
20	61.698494
21	67.09408
22	4.552266
23	24.03536
24	16.101278
25	48.93651
26	21.908985
27	54.24612
28	53.510582
29	1.9699202
30	72.21252
31	11.922232
32	78.9554
33	0.008894402
34	22.970346
35	85.3793
36	2.245509
37	63.04949
38	63.896477
39	37.780075
40	78.41795
41	21.168594
42	71.84774
43	9.865328
44	21.827694
45	43.937107
46	22.882153
47	25.815634
48	9.440122
49	16.705915
50	54.52037
51	44.246887
52	84.513725
53	8.509392
54	5.7807355
55	60.48729
56	20.982164
57	89.49661
58	72.96376
59	37.92176
60	1.6627704
61	39.492516
62	41.03552
63	39.731667
64	20.557491
65	10.282569
66	60.60534
67	17.712898
68	94.77436
69	6.391637
70	8.0682745
71	98.47586
72	69.04663
73	22.735182
74	72.39404
75	77.008224
76	81.12939
77	6.526756
78	64.802124
79	58.754116
80	97.83553
81	76.98696
82	86.35909
83	38.858704
84	28.463873
85	30.99843
86	21.167381
87	80.39531
88	3.0008242
89	5.712827
90	15.400617
91	44.88713
92	5.619075
93	97.86857
94	22.730219
95	51.560467
96	11.050777
97	89.86477
98	95.156204
99	76.41673
100	99.236565
101	54.242905
102	54.457066
103	23.182016
104	4.3988934
105	55.349937
106	37.45673
107	67.07552
108	6.791086
109	80.54948
110	82.95731
111	83.18899
112	7.196429
113	41.34498
114	2.6851459
115	2.7982175
116	30.459986
117	68.62203
118	64.50134
119	68.67021
120	52.086708
121	1.0233098
122	98.37728
123	20.073748
124	76.19896
125	26.74174
126	80.54606
127	70.422615
128	4.820131
129	32.913857
130	57.809612
131	31.191044
132	5.120391
133	31.320368
134	97.30509
135	43.049004
136	6.1691947
137	20.392153
138	41.873478
139	87.355896
140	74.91538
141	16.864628
142	41.669277
143	17.964863
144	46.15461
145	64.102264
146	89.16754
147	1.1750079
148	39.888252
149	28.117315
150	86.66293
151	30.127398
152	19.208569
153	61.060776
154	55.331955
155	62.7517
156	64.301895
157	46.293903
158	71.988335
159	60.11087
160	83.318695
161	18.791666
162	81.84863
163	47.29008
164	78.46065
165	9.623935
166	78.363396
167	87.42122
168	23.429583
169	58.160748
170	68.49219
171	47.659924
172	76.098145
173	61.491463
174	75.256065
175	3.347807
176	88.33605
177	59.81998
178	97.74099
179	77.11801
180	68.71862
181	91.98412
182	62.05351
183	22.177132
184	95.90307
185	5.442663
186	77.144806
187	34.30402
188	49.84802
189	17.410305
190	27.752796
191	14.472208
192	35.122112
193	31.724041
194	67.53426
195	26.908512
196	62.91869
197	61.41976
198	16.109962
199	14.478733
200	0.66252124
201	16.03516
202	44.571053
203	42.361362
204	35.984886
205	81.75297
206	59.65338
207	99.83148
208	36.596962
209	15.18198
210	30.047678
211	64.64134
212	42.783794
213	49.354454
214	96.64001
215	75.529434
216	81.93835
217	57.590496
218	99.7515
219	66.84113
220	11.566484
221	74.34608
222	58.98699
223	59.606735
224	0.9365564
225	37.1105
226	19.185118
227	17.355124
228	57.203457
229	73.05116
230	7.45104
231	25.767698
232	31.133307
233	40.675995
234	16.249105
235	35.194824
236	60.267174
237	26.07463
238	82.94819
239	92.15564
240	70.71244
241	50.973736
242	87.16504
243	8.518152
244	37.27884
245	85.40295
246	93.114006
247	20.653631
248	42.393204
249	67.35093
250	19.76847
251	36.39959
252	82.191025
253	93.92483
254	73.43204
255	60.27653
256	37.817535
257	13.190373
258	34.26257
259	38.019558
260	33.660492
261	21.830393
262	70.14039
263	13.526243
264	85.77253
265	47.471355
266	79.568245
267	34.761986
268	4.8827662
269	24.976944
270	52.869156
271	24.83211
272	36.737278
273	58.4404
274	84.61495
275	44.11688
276	9.538539
277	16.972475
278	28.501253
279	35.026775
280	49.905655
281	37.406567
282	11.998208
283	39.48748
284	93.42228
285	94.359535
286	32.547947
287	78.62716
288	20.71719
289	74.751915
290	11.877387
291	32.210213
292	61.510784
293	61.938656
294	15.275427
295	46.766865
296	29.67819
297	19.092075
298	62.411175
299	82.14739
300	12.267804
301	35.68838
302	40.215153
303	10.77012
304	64.23427
305	21.509718
306	90.95026
307	4.3267617
308	26.85917
309	37.12696
310	1.1189024
311	12.241851
312	30.406328
313	77.66004
314	70.37699
315	49.363792
316	48.963108
317	9.275425
318	42.163425
319	22.778803
320	88.88843
321	24.308752
322	99.49676
323	88.623024
324	78.93111
325	83.12879
326	8.251103
327	13.729018
328	2.1165018
329	15.961835
330	9.956057
331	54.140392
332	43.422047
333	23.290142
334	60.60567
335	44.15562
336	90.28377
337	36.492565
338	41.784252
339	40.593334
340	49.71428
341	60.129864
342	60.5386
343	68.79279
344	78.20881
345	24.301497
346	15.117205
347	45.873188
348	91.62178
349	75.39958
350	83.73642
351	3.1807516
352	46.859745
353	81.172966
354	81.06431
355	89.3582
356	66.36181
357	84.17397
358	91.24517
359	28.796988
360	88.06155
361	63.851555
362	85.817276
363	11.173193
364	1.1573415
365	4.679579
366	55.37033
367	88.592354
368	81.14872
369	53.819744
370	93.08828
371	56.08665
372	36.956264
373	16.961864
374	28.22634
375	45.542805
376	18.201397
377	93.984245
378	14.209699
379	88.19961
380	19.087393
381	74.796715
382	82.30439
383	78.64825
384	16.929728
385	92.859024
386	99.9504
387	16.739767
388	84.493
389	10.619869
390	72.907295
391	48.92907
392	29.456522
393	24.950874
394	39.483963
395	51.969063
396	19.44477
397	89.57107
398	20.38035
399	43.576427
400	85.70044
401	25.00401
402	2.1199648
403	7.905077
404	63.48527
405	35.184605
406	84.63709
407	93.69552
408	61.885597
409	12.0156555
410	88.011
411	59.120613
412	11.8988
413	90.11248
414	86.969376
415	62.4955
416	39.89051
417	71.32302
418	78.64923
419	95.3882
420	20.094757
421	49.853157
422	26.68763
423	22.586212
424	97.94174
425	71.883224
426	61.43208
427	47.614708
428	96.13063
429	38.422047
430	16.741898
431	95.27084
432	80.669174
433	23.051136
434	62.844936
435	89.92009
436	55.038883
437	20.58193
438	34.353855
439	29.459187
440	38.39513
441	25.591011
442	63.95025
443	96.65257
444	85.85832
445	30.396788
446	60.099636
447	9.594206
448	44.048393
449	29.297464
450	88.79231
451	6.1634
452	73.47016
453	18.686684
454	81.13432
455	17.070108
456	78.32443
457	0.7875237
458	94.894356
459	42.46186
460	60.888866
461	1.6221184
462	51.89516
463	21.21953
464	23.298214
465	33.474556
466	77.24807
467	50.19151
468	87.9149
469	31.088669
470	57.9658
471	56.905144
472	53.038773
473	67.93818
474	32.898956
475	45.01397
476	35.25218
477	48.298946
478	81.56741
479	64.20943
480	67.341484
481	18.879694
482	78.89795
483	80.80703
484	59.217037
485	53.35655
486	93.65916
487	25.244448
488	65.277336
489	11.283661
490	97.586975
491	60.423584
492	49.62822
493	97.09461
494	97.885025
495	71.17615
496	79.65798
497	99.20763
498	55.987137
499	47.0145
500	80.49166
501	17.888996
502	17.196566
503	2.3133485
504	88.14711
505	36.983913
506	50.26889
507	18.152494
508	3.2806325
509	82.8754
510	57.122345
511	71.65555
512	23.497831
513	25.371052
514	83.9086
515	50.37984
516	6.6356716
517	87.83098
518	98.96266
519	99.271286
520	97.09544
521	12.000088
522	89.504036
523	44.891712
524	21.715069
525	39.524582
526	20.590172
527	9.799108
528	69.65566
529	97.36017
530	89.02033
531	31.715845
532	0.020422243
533	67.3177
534	83.2869
535	11.561655
536	90.357315
537	38.425014
538	33.22559
539	42.118454
540	1.060343
541	58.098194
542	39.654095
543	49.39401
544	8.584299
545	1.2833397
546	6.101088
547	90.83128
548	96.133286
549	78.18349
550	60.05005
551	99.53783
552	11.034883
553	64.536095
554	11.825343
555	89.91258
556	50.68038
557	23.429474
558	12.105744
559	9.547338
560	42.256306
561	23.364899
562	51.015236
563	99.86934
564	18.30886
565	29.532764
566	18.850224
567	92.15151
568	42.624348
569	3.57437
570	59.364758
571	8.98215
572	3.080651
573	39.75274
574	93.85908
575	44.547283
576	62.951694
577	75.19951
578	32.778503
579	19.477577
580	42.29309
581	52.856316
582	6.6583724
583	33.835064
584	95.37246
585	83.71577
586	31.962048
587	60.32593
588	37.591366
589	29.92819
590	36.694515
591	23.807793
592	1.8667957
593	46.86532
594	1.7100351
595	32.70067
596	80.429756
597	78.74739
598	50.285915
599	98.324814
600	49.083946
601	63.017464
602	39.768013
603	21.633614
604	70.44168
605	9.5158615
606	91.202484
607	62.868065
608	42.25879
609	31.028812
610	96.93554
611	9.578038
612	7.2167544
613	68.43935
614	60.078106
615	11.677669
616	94.50426
617	14.743791
618	44.04913
619	46.05033
620	34.837837
621	56.055473
622	1.2322503
623	77.8667
624	51.963814
625	21.504868
626	39.92981
627	39.826305
628	49.378235
629	75.70355
630	51.648743
631	8.337148
632	68.5982
633	42.32667
634	23.722158
635	1.9070723
636	34.845818
637	56.065216
638	63.239258
639	32.20396
640	58.184887
641	80.36359
642	87.95085
643	54.116753
644	60.171597
645	17.917686
646	28.238262
647	25.17482
648	85.624794
649	6.9047427
650	48.968452
651	56.108803
652	33.061302
653	90.38052
654	29.536741
655	83.58384
656	59.03359
657	85.18603
658	73.48778
659	84.95254
660	62.68165
661	7.581162
662	70.7883
663	86.42678
664	35.070423
665	99.455666
666	28.05536
667	75.54087
668	38.3298
669	15.212535
670	26.740543
671	39.881584
672	62.14417
673	27.986464
674	85.218414
675	91.12469
676	17.304825
677	39.663624
678	48.385963
679	35.428844
680	64.77331
681	52.536976
682	2.921307
683	99.672714
684	25.928423
685	44.9457
686	24.556593
687	89.614746
688	35.40012
689	79.06314
690	96.82285
691	58.391277
692	62.932076
693	61.11476
694	9.453397
695	18.284918
696	68.01115
697	42.76221
698	49.913265
699	50.56345
700	82.81113
701	44.674427
702	6.105817
703	69.20033
704	95.51093
705	19.752316
706	66.88346
707	45.155735
708	65.431206
709	88.48311
710	42.49319
711	21.226078
712	7.4254923
713	98.97194
714	68.85642
715	25.33503
716	16.17509
717	21.536676
718	69.668915
719	82.05053
720	65.464195
721	76.12223
722	38.665226
723	99.58021
724	19.461365
725	17.838415
726	77.41846
727	78.82506
728	98.945625
729	31.038275
730	92.59674
731	7.1285267
732	12.30706
733	35.247997
734	16.070549
735	9.612497
736	28.436634
737	59.84088
738	77.82499
739	66.581764
740	98.40015
741	72.45986
742	73.56916
743	47.724213
744	49.945225
745	37.127804
746	50.510983
747	40.93686
748	21.029312
749	64.78132
750	6.758073
751	81.33641
752	14.536229
753	72.02057
754	38.31844
755	3.2754896
756	56.08634
757	32.020584
758	79.84525
759	28.71736
760	74.192924
761	7.800792
762	55.540146
763	82.73475
764	20.889614
765	17.882689
766	93.53069
767	78.424385
768	70.70066
769	77.51463
770	1.3721008
771	32.25634
772	3.8148966
773	29.756634
774	0.20431283
775	70.7268
776	89.753075
777	71.643814
778	99.72739
779	57.651413
780	45.24321
781	67.03216
782	73.33755
783	79.26755
784	48.764526
785	5.0855274
786	23.19476
787	40.795567
788	71.89348
789	94.15522
790	67.886566
791	89.027985
792	56.743336
793	23.710571
794	21.747656
795	83.7609
796	7.018879
797	48.243454
798	10.109649
799	32.843853
800	24.982277
801	57.614246
802	59.51969
803	20.803026
804	17.240698
805	19.623964
806	50.305473
807	60.167213
808	43.119167
809	53.047523
810	66.38507
811	50.769855
812	50.591637
813	21.744705
814	58.815083
815	99.49459
816	30.190702
817	22.250595
818	40.12925
819	83.79952
820	81.2416
821	71.63078
822	39.46192
823	37.71541
824	49.01764
825	64.85373
826	16.934753
827	25.740385
828	68.93514
829	2.5663476
830	40.427834
831	77.053635
832	6.170579
833	13.669316
834	69.97091
835	8.558588
836	28.983074
837	41.281548
838	98.70081
839	16.87406
840	81.42684
841	2.0430954
842	97.52218
843	54.886875
844	85.34375
845	24.184576
846	42.91438
847	18.739271
848	11.252992
849	76.60988
850	75.083374
851	75.77489
852	53.31082
853	44.586185
854	48.992275
855	45.361877
856	39.12455
857	6.0116386
858	78.84758
859	66.20458
860	65.3823
861	84.11826
862	34.996803
863	91.8769
864	25.109177
865	81.80316
866	23.768257
867	18.11507
868	37.992676
869	61.561085
870	79.482506
871	58.453037
872	58.9562
873	96.44418
874	26.562452
875	4.752476
876	80.49883
877	32.937874
878	8.434855
879	3.9505162
880	31.575382
881	25.759695
882	46.870304
883	22.068562
884	73.62539
885	20.357992
886	40.724003
887	98.89889
888	94.50591
889	63.66661
890	6.1539392
891	61.645275
892	17.524912
893	4.5473557
894	12.795932
895	42.03988
896	33.687782
897	48.08655
898	67.50154
899	68.33407
900	74.6729
901	87.808586
902	51.08271
903	39.083244
904	90.28917
905	60.043842
906	1.1347234
907	7.672214
908	5.9044433
909	26.915464
910	0.4394842
911	40.164024
912	85.678154
913	57.078182
914	75.38102
915	18.45304
916	34.02023
917	55.777966
918	9.42965
919	19.258797
920	3.693824
921	46.784843
922	19.594042
923	96.32805
924	49.360783
925	39.71388
926	50.081005
927	2.1622682
928	55.456795
929	90.22446
930	67.80362
931	43.458145
932	65.164856
933	73.46025
934	14.763866
935	83.3015
936	75.91468
937	59.757744
938	18.005392
939	73.22885
940	27.160624
941	66.91295
942	52.99757
943	61.50965
944	74.142525
945	96.11986
946	77.813545
947	4.5657554
948	40.053173
949	26.446703
950	0.2725017
951	5.363114
952	89.47736
953	69.392235
954	67.03519
955	89.132095
956	17.572126
957	32.895622
958	44.094227
959	92.8873
960	66.38285
961	89.24358
962	76.98091
963	14.7937
964	95.78107
965	4.2229147
966	94.0304
967	16.250465
968	41.71363
969	79.67653
970	44.085907
971	75.565506
972	9.9379635
973	84.496056
974	30.223976
975	10.184725
976	9.309362
977	94.58031
978	30.582533
979	68.25006
980	81.74508
981	62.538715
982	48.783607
983	45.89513
984	46.071697
985	76.58204
986	10.052097
987	63.767227
988	50.464607
989	7.9276056
990	10.669981
991	31.370672
992	99.304375
993	37.408287
994	33.321304
995	44.501186
996	93.51795
997	79.56256
998	26.142326
999	19.201248
1000	51.411446
1001	73.913536
1002	75.25057
1003	35.889072
1004	20.436878
1005	15.6407585
1006	90.38327
1007	96.51115
1008	11.721022
1009	42.471066
1010	74.63662
1011	14.545495
1012	76.906166
1013	28.524408
1014	48.377716
1015	23.002787
1016	77.22044
1017	86.716965
1018	12.8423395
1019	9.88876
1020	88.54298
1021	0.95249784
1022	96.50787
1023	23.02629
1024	17.232843
1025	11.9680195
1026	70.39737
1027	71.0371
1028	99.18752
1029	12.129166
1030	46.287487
1031	75.52351
1032	86.45927
1033	69.83667
1034	28.950678
1035	34.75189
1036	19.965397
1037	13.904079
1038	38.378986
1039	75.61273
1040	15.143158
1041	13.624946
1042	32.41951
1043	29.773336
1044	34.15701
1045	42.608936
1046	73.75224
1047	27.660725
1048	31.296614
1049	11.543706
1050	47.54518
1051	51.48355
1052	80.89466
1053	72.15043
1054	44.88583
1055	86.33221
1056	65.94847
1057	68.257225
1058	97.48555
1059	85.80899
1060	2.7284188
1061	92.69761
1062	76.59283
1063	84.38656
1064	29.807081
1065	42.074333
1066	71.1147
1067	98.73821
1068	30.948656
1069	51.378586
1070	19.967583
1071	43.29326
1072	68.277275
1073	10.611753
1074	89.29974
1075	41.021503
1076	6.2724223
1077	74.872696
1078	46.02961
1079	6.3749714
1080	16.768738
1081	76.32949
1082	41.714024
1083	30.970798
1084	98.919815
1085	6.0517483
1086	19.790941
1087	13.096508
1088	55.02279
1089	98.83917
1090	89.17666
1091	57.636425
1092	94.417725
1093	58.78429
1094	63.27456
1095	10.184743
1096	60.667374
1097	91.01437
1098	30.743574
1099	18.573387
1100	85.91447
1101	58.28007
1102	78.37856
1103	76.07798
1104	0.6300873
1105	74.906044
1106	6.0836816
1107	52.225388
1108	66.90788
1109	85.091545
1110	59.17372
1111	59.411407
1112	59.02561
1113	47.646458
1114	80.22502
1115	60.76849
1116	20.428513
1117	22.609394
1118	33.218826
1119	2.0695531
1120	28.390688
1121	78.973175
1122	52.462296
1123	0.9239037
1124	82.26793
1125	8.253194
1126	58.039776
1127	67.08324
1128	84.98581
1129	27.164265
1130	29.90481
1131	93.73126
1132	1.9590187
1133	71.69339
1134	31.26084
1135	99.905815
1136	16.41627
1137	38.6781
1138	98.053764
1139	66.86222
1140	61.000565
1141	42.965294
1142	99.772285
1143	2.3688276
1144	68.65775
1145	67.18568
1146	69.10966
1147	93.067894
1148	76.760994
1149	72.75046
1150	33.933903
1151	78.87622
1152	19.666672
1153	37.385807
1154	76.50577
1155	71.521545
1156	31.573154
1157	88.77259
1158	20.781784
1159	19.78619
1160	30.254469
1161	64.03142
1162	97.94455
1163	36.299828
1164	89.2005
1165	97.22361
1166	42.98943
1167	97.387794
1168	33.236107
1169	38.30574
1170	64.19059
1171	99.83876
1172	59.30939
1173	51.47472
1174	43.97603
1175	60.30659
1176	83.4555
1177	97.51006
1178	5.923572
1179	47.063454
1180	93.64405
1181	4.1328177
1182	44.79205
1183	47.14582
1184	98.823814
1185	86.73759
1186	52.031113
1187	42.664898
1188	91.852005
1189	85.36245
1190	14.249053
1191	19.915943
1192	12.5687475
1193	50.882698
1194	41.4943
1195	20.762543
1196	18.146519
1197	29.567335
1198	20.451242
1199	67.5521
1200	0.94886214
1201	48.97255
1202	45.71461
1203	46.66967
1204	16.945486
1205	45.44942
1206	49.92944
1207	64.53502
1208	45.53973
1209	36.54309
1210	11.562517
1211	71.008514
1212	18.035826
1213	5.8035007
1214	44.08029
1215	49.024864
1216	32.580753
1217	9.031778
1218	18.843504
1219	81.09
1220	1.775687
1221	18.115229
1222	13.18881
1223	30.71798
1224	56.750973
1225	91.35779
1226	4.9529166
1227	19.951044
1228	25.972523
1229	97.59167
1230	55.10487
1231	42.797424
1232	39.741074
1233	25.359945
1234	31.187328
1235	28.737896
1236	98.81217
1237	78.088585
1238	25.927729
1239	60.393543
1240	56.283855
1241	7.9978056
1242	17.66552
1243	55.013454
1244	72.005035
1245	62.597008
1246	47.67819
1247	98.47667
1248	97.923416
1249	85.032936
1250	0.44431937
1251	59.586067
1252	79.620605
1253	72.0445
1254	16.60798
1255	10.551003
1256	26.967304
1257	34.831306
1258	21.260809
1259	26.51901
1260	83.24898
1261	60.676228
1262	18.69686
1263	10.973267
1264	75.43658
1265	42.931965
1266	31.343662
1267	39.349503
1268	12.501224
1269	16.392149
1270	2.4907317
1271	97.520805
1272	42.743614
1273	79.35777
1274	44.17095
1275	77.25377
1276	38.113342
1277	90.26645
1278	26.24574
1279	63.305664
1280	11.01105
1281	4.219434
1282	67.655785
1283	85.52925
1284	64.41485
1285	78.99613
1286	98.104065
1287	11.45489
1288	62.67997
1289	86.333374
1290	91.62467
1291	68.40551
1292	8.772956
1293	68.35057
1294	62.60226
1295	17.634449
1296	35.711506
1297	62.05662
1298	85.762314
1299	49.89818
1300	29.853127
1301	28.370047
1302	59.102615
1303	68.46845
1304	56.303326
1305	64.31899
1306	9.4157715
1307	15.144441
1308	10.9699955
1309	78.90948
1310	52.42097
1311	85.36385
1312	91.43233
1313	95.870834
1314	85.7155
1315	35.202755
1316	23.464115
1317	5.4516277
1318	65.551125
1319	13.390286
1320	62.2215
1321	66.005035
1322	96.56712
1323	80.84514
1324	33.68825
1325	39.886208
1326	51.666866
1327	25.903671
1328	83.428375
1329	85.720345
1330	97.97355
1331	38.694283
1332	2.358956
1333	27.908901
1334	9.912832
1335	83.72016
1336	51.84183
1337	16.734186
1338	22.77252
1339	82.3745
1340	89.6781
1341	90.88761
1342	99.261986
1343	47.08333
1344	91.896126
1345	75.7805
1346	86.50876
1347	89.448044
1348	22.77252
1349	73.94935
1350	69.616875
1351	36.04621
1352	23.30214
1353	27.678864
1354	48.60764
1355	19.108372
1356	75.17588
1357	28.203402
1358	34.498444
1359	49.995167
1360	71.17081
1361	68.20351
1362	53.25476
1363	81.12806
1364	49.684895
1365	2.7410636
1366	54.310806
1367	25.900434
1368	43.424946
1369	26.23591
1370	2.7498603
1371	44.96277
1372	0.5092663
1373	68.76744
1374	1.253322
1375	24.842718
1376	12.178952
1377	66.558815
1378	46.859097
1379	70.64379
1380	3.755642
1381	8.511558
1382	67.482704
1383	91.46094
1384	89.65476
1385	69.82672
1386	49.69255
1387	36.518883
1388	10.323052
1389	85.17321
1390	10.961736
1391	27.543447
1392	41.88798
1393	87.79656
1394	24.153141
1395	37.344868
1396	28.342827
1397	82.39018
1398	1.3109318
1399	57.408043
1400	18.285082
1401	46.617374
1402	30.597002
1403	57.629898
1404	61.81428
1405	7.8325515
1406	0.15225698
1407	75.81686
1408	8.449167
1409	83.83532
1410	98.229034
1411	49.65296
1412	97.803185
1413	9.4011545
1414	5.338086
1415	75.76056
1416	68.95211
1417	57.026283
1418	57.60163
1419	14.238261
1420	65.82969
1421	25.045017
1422	17.154234
1423	69.878235
1424	48.86807
1425	35.668724
1426	74.027374
1427	10.413745
1428	22.68364
1429	65.13644
1430	95.93535
1431	42.47774
1432	97.310074
1433	9.916837
1434	42.471058
1435	50.721924
1436	12.722201
1437	12.327752
1438	85.41443
1439	80.933876
1440	13.855236
1441	38.779186
1442	88.89133
1443	97.73371
1444	40.310455
1445	37.504375
1446	49.84232
1447	97.90834
1448	74.78104
1449	67.33334
1450	23.441122
1451	13.416607
1452	99.32549
1453	18.988066
1454	18.282629
1455	66.24673
1456	69.3808
1457	83.22266
1458	54.981274
1459	12.585509
1460	20.602886
1461	25.826681
1462	33.343624
1463	41.63926
1464	50.567516
1465	7.041375
1466	76.26484
1467	25.833122
1468	92.78298
1469	73.16116
1470	55.749374
1471	55.727856
1472	13.231814
1473	76.78854
1474	14.356816
1475	97.090744
1476	35.601307
1477	48.983143
1478	64.72873
1479	45.532562
1480	78.11131
1481	21.918976
1482	32.532215
1483	77.72976
1484	68.37328
1485	38.954838
1486	8.558118
1487	93.21672
1488	3.239213
1489	44.589115
1490	50.809338
1491	91.61217
1492	53.50917
1493	17.961763
1494	93.137596
1495	46.647366
1496	36.901463
1497	0.3825702
1498	73.33448
1499	20.492916
1500	96.84945
1501	69.806206
1502	97.07177
1503	89.53811
1504	68.52106
1505	39.162483
1506	64.9502
1507	81.06092
1508	77.63848
1509	6.711494
1510	39.767025
1511	28.40555
1512	10.413158
1513	43.51064
1514	8.298265
1515	27.660124
1516	1.2456341
1517	22.386225
1518	12.865781
1519	91.84989
1520	7.7504044
1521	58.959557
1522	82.35934
1523	73.70779
1524	50.11324
1525	98.0189
1526	32.929546
1527	63.8952
1528	34.06633
1529	21.635435
1530	11.914553
1531	1.6369861
1532	92.50362
1533	64.65121
1534	84.22615
1535	21.004257
1536	90.45653
1537	63.33121
1538	15.320084
1539	54.143322
1540	33.09697
1541	53.297935
1542	79.20972
1543	98.31551
1544	76.582886
1545	83.23332
1546	55.708366
1547	71.80825
1548	76.50475
1549	99.0318
1550	13.937251
1551	28.091528
1552	1.2911948
1553	82.961426
1554	88.96827
1555	58.46061
1556	26.146269
1557	99.63538
1558	39.977154
1559	37.545197
1560	31.014294
1561	26.120308
1562	89.5853
1563	45.186356
1564	23.014444
1565	13.736522
1566	88.96015
1567	6.2315073
1568	45.80905
1569	87.13181
1570	64.14244
1571	57.599285
1572	60.196865
1573	26.924896
1574	79.49737
1575	42.444992
1576	45.746014
1577	34.009163
1578	1.1129532
1579	78.39117
1580	37.982582
1581	78.33819
1582	78.80814
1583	87.08721
1584	44.020836
1585	85.63444
1586	43.09902
1587	72.896904
1588	82.178345
1589	81.08304
1590	40.033737
1591	31.85906
1592	20.588121
1593	86.11093
1594	40.527763
1595	18.743711
1596	20.404867
1597	81.12349
1598	73.4242
1599	33.13293
1600	11.119451
1601	74.5578
1602	59.63929
1603	13.150089
1604	75.36174
1605	11.603052
1606	66.68005
1607	10.885896
1608	79.52713
1609	93.176285
1610	4.813077
1611	54.562687
1612	66.53994
1613	31.645252
1614	57.83878
1615	13.334796
1616	99.27007
1617	61.038197
1618	97.973755
1619	18.841747
1620	18.99789
1621	63.46872
1622	49.571102
1623	70.33596
1624	11.297976
1625	55.45842
1626	80.57571
1627	31.70551
1628	71.31311
1629	4.356182
1630	42.860016
1631	16.246939
1632	70.06202
1633	18.15734
1634	95.89916
1635	41.43163
1636	53.949665
1637	11.632774
1638	60.231388
1639	82.819855
1640	98.44809
1641	27.418373
1642	93.79784
1643	22.609184
1644	23.756458
1645	36.706306
1646	34.164757
1647	56.846596
1648	75.71908
1649	53.432224
1650	88.1839
1651	21.854328
1652	19.128948
1653	70.08729
1654	37.89182
1655	35.50908
1656	18.345844
1657	23.726656
1658	27.171179
1659	68.76779
1660	59.586845
1661	41.724964
1662	9.599018
1663	22.582258
1664	47.748302
1665	68.80359
1666	15.374053
1667	92.483536
1668	89.823685
1669	36.58775
1670	47.62002
1671	74.97549
1672	81.503716
1673	6.4801655
1674	22.924316
1675	92.904274
1676	8.537585
1677	77.40963
1678	57.942318
1679	94.82937
1680	36.170193
1681	13.730505
1682	34.368732
1683	4.8162904
1684	1.5967604
1685	3.0115452
1686	38.093006
1687	37.702988
1688	22.195036
1689	47.110527
1690	89.277
1691	68.64435
1692	11.641143
1693	7.356595
1694	43.23948
1695	29.225296
1696	92.41825
1697	5.0121126
1698	69.56946
1699	43.814392
1700	24.639963
1701	3.18594
1702	41.890095
1703	44.829765
1704	96.11025
1705	21.370026
1706	95.69513
1707	30.58929
1708	43.541874
1709	58.77112
1710	36.679718
1711	54.416862
1712	99.855064
1713	27.609564
1714	6.9875054
1715	58.676636
1716	87.47847
1717	22.556993
1718	41.79585
1719	92.40715
1720	2.5741148
1721	77.4848
1722	73.66103
1723	62.367126
1724	98.11172
1725	40.704884
1726	6.364774
1727	45.70092
1728	74.575035
1729	57.01053
1730	28.161741
1731	1.5978365
1732	10.003244
1733	67.09904
1734	1.0901393
1735	15.870092
1736	59.88504
1737	77.975044
1738	47.365887
1739	43.656464
1740	89.20238
1741	27.48947
1742	70.362755
1743	37.456005
1744	60.67085
1745	32.587902
1746	74.52899
1747	88.600006
1748	32.754883
1749	16.512207
1750	94.865654
1751	17.657785
1752	95.36572
1753	13.045248
1754	51.929825
1755	67.668304
1756	88.75027
1757	16.461554
1758	38.882812
1759	24.508492
1760	95.77897
1761	53.309
1762	53.62018
1763	89.68124
1764	78.315125
1765	24.77973
1766	66.573845
1767	54.45299
1768	97.13981
1769	20.347572
1770	93.25625
1771	83.93074
1772	76.47866
1773	28.82672
1774	47.340214
1775	10.478652
1776	75.006744
1777	76.46095
1778	22.835085
1779	32.754017
1780	20.36588
1781	85.103836
1782	31.41355
1783	60.391674
1784	88.28789
1785	26.327656
1786	91.2634
1787	18.673244
1788	24.391323
1789	63.354015
1790	75.14944
1791	66.91638
1792	56.895744
1793	5.520337
1794	69.75536
1795	84.47445
1796	85.112434
1797	53.06348
1798	97.344894
1799	53.044033
1800	78.804955
1801	82.09742
1802	98.73857
1803	57.289627
1804	8.764183
1805	3.1868393
1806	11.761803
1807	21.936077
1808	81.37238
1809	34.029278
1810	69.54524
1811	79.18637
1812	63.365097
1813	95.17493
1814	58.265953
1815	64.9655
1816	24.26957
1817	1.3218699
1818	77.075455
1819	45.50036
1820	47.151386
1821	33.021584
1822	36.945717
1823	43.63797
1824	12.690788
1825	26.155687
1826	92.98906
1827	71.679634
1828	71.471466
1829	1.1354405
1830	45.29007
1831	34.58249
1832	15.054747
1833	20.867117
1834	75.04631
1835	26.575422
1836	25.13609
1837	13.030119
1838	7.8147645
1839	69.23612
1840	5.080695
1841	17.21472
1842	36.411797
1843	19.913824
1844	52.424393
1845	84.78198
1846	93.811905
1847	11.273818
1848	92.1848
1849	45.254425
1850	64.218605
1851	33.429287
1852	51.205204
1853	42.769493
1854	90.72229
1855	19.236464
1856	32.526688
1857	37.317123
1858	11.40044
1859	9.00666
1860	91.3387
1861	14.723614
1862	6.5035925
1863	71.86466
1864	44.77849
1865	69.30418
1866	49.54204
1867	68.116264
1868	54.44181
1869	0.144657
1870	14.482179
1871	86.768425
1872	54.65161
1873	50.30929
1874	24.599323
1875	99.9988
1876	24.531706
1877	43.271343
1878	8.597367
1879	55.03709
1880	60.451508
1881	82.78616
1882	15.779016
1883	78.293564
1884	71.5386
1885	20.108807
1886	68.11221
1887	29.364056
1888	11.131536
1889	56.808685
1890	13.9695425
1891	2.4642243
1892	71.74615
1893	28.797438
1894	36.38832
1895	16.688314
1896	5.351467
1897	36.22358
1898	64.05036
1899	61.475296
1900	33.86418
1901	49.928
1902	73.77171
1903	33.096725
1904	64.23914
1905	28.737967
1906	21.273327
1907	15.595827
1908	17.264
1909	99.52948
1910	54.412605
1911	61.050198
1912	97.49251
1913	1.0633467
1914	66.38217
1915	78.80831
1916	88.72146
1917	92.70388
1918	60.02875
1919	15.265583
1920	3.3536224
1921	44.92143
1922	64.38712
1923	98.58781
1924	81.17475
1925	39.277367
1926	30.174505
1927	12.795895
1928	72.37539
1929	56.74533
1930	4.53906
1931	43.585285
1932	61.35031
1933	27.415478
1934	14.359438
1935	81.42679
1936	73.072395
1937	39.62867
1938	12.392221
1939	92.49585
1940	28.837845
1941	33.07765
1942	63.08225
1943	56.399124
1944	80.0952
1945	61.203617
1946	67.77642
1947	15.458701
1948	14.7122965
1949	54.83792
1950	95.69014
1951	0.15832217
1952	46.403137
1953	46.1155
1954	22.659311
1955	74.27311
1956	88.418106
1957	68.39921
1958	25.391853
1959	5.2061825
1960	31.570293
1961	86.18897
1962	51.167934
1963	39.177254
1964	48.91187
1965	70.66631
1966	51.97
1967	22.576092
1968	95.19628
1969	68.948715
1970	99.446335
1971	87.89632
1972	23.793112
1973	76.24003
1974	19.28828
1975	40.7848
1976	83.10675
1977	1.053657
1978	67.47795
1979	73.55894
1980	37.749
1981	77.31689
1982	98.24123
1983	59.467995
1984	75.2729
1985	75.075554
1986	59.48382
1987	42.24096
1988	47.174847
1989	6.2137733
1990	28.635223
1991	62.501865
1992	95.77742
1993	10.28317
1994	24.52004
1995	39.195328
1996	34.49848
1997	92.89624
1998	22.279644
1999	98.198586
2000	1.8543642
2001	3.3665967
2002	83.1541
2003	33.323418
2004	75.68596
2005	43.05278
2006	20.10287
2007	33.38853
2008	25.623283
2009	85.671036
2010	25.68751
2011	73.40944
2012	58.085464
2013	20.123957
2014	29.013147
2015	92.95262
2016	33.11299
2017	51.391903
2018	73.52572
2019	9.700905
2020	57.32913
2021	20.034008
2022	32.461784
2023	41.276825
2024	82.32734
2025	25.845697
2026	3.7477877
2027	33.370987
2028	62.78163
2029	66.21957
2030	51.145676
2031	17.222212
2032	65.37901
2033	94.84261
2034	1.3905538
2035	56.878002
2036	10.356651
2037	39.2893
2038	69.10385
2039	27.006859
2040	44.527603
2041	94.488884
2042	13.973537
2043	64.535385
2044	45.738422
2045	56.633232
2046	82.71757
2047	31.189016
2048	94.9794
2049	63.447998
2050	24.176567
2051	92.713745
2052	34.207256
2053	88.67453
2054	8.418883
2055	57.208797
2056	93.90053
2057	72.98374
2058	88.03926
2059	75.47706
2060	91.51945
2061	98.74366
2062	15.322963
2063	23.315304
2064	27.042301
2065	41.062695
2066	53.947266
2067	10.665899
2068	26.750042
2069	52.530327
2070	48.892174
2071	87.55201
2072	11.431052
2073	64.077255
2074	43.232235
2075	41.718132
2076	90.178
2077	9.376776
2078	55.48135
2079	7.897763
2080	5.9485598
2081	5.209276
2082	56.16241
2083	33.630222
2084	84.06195
2085	45.21178
2086	32.316864
2087	3.1543674
2088	28.279524
2089	36.758522
2090	62.172623
2091	16.551025
2092	42.00939
2093	8.561428
2094	55.666775
2095	74.65157
2096	34.44243
2097	4.031463
2098	91.36848
2099	24.272818
2100	48.475643
2101	19.734604
2102	59.486805
2103	19.787762
2104	36.078815
2105	13.073786
2106	56.206764
2107	99.97083
2108	38.282238
2109	68.37371
2110	73.3848
2111	17.676079
2112	91.62358
2113	49.116703
2114	95.39629
2115	68.1029
2116	55.86708
2117	54.062965
2118	21.247131
2119	69.29105
2120	59.445763
2121	41.900932
2122	41.35122
2123	71.38432
2124	39.0667
2125	53.023014
2126	65.86857
2127	99.53316
2128	21.470173
2129	54.823906
2130	27.36598
2131	45.631542
2132	42.59729
2133	2.0440364
2134	40.222073
2135	97.56003
2136	99.08792
2137	13.330052
2138	24.198591
2139	19.606674
2140	52.03083
2141	90.18426
2142	24.59984
2143	22.737875
2144	27.88788
2145	29.474796
2146	86.44213
2147	88.39094
2148	86.51418
2149	5.678531
2150	65.0551
2151	34.4602
2152	51.196095
2153	24.02846
2154	80.536804
2155	37.148705
2156	20.628855
2157	63.95022
2158	63.832256
2159	30.026785
2160	72.38084
2161	29.986124
2162	61.35736
2163	59.7371
2164	49.907227
2165	39.47085
2166	94.98095
2167	48.662224
2168	26.617159
2169	15.829746
2170	51.172306
2171	30.861174
2172	39.962337
2173	36.871727
2174	2.1291275
2175	57.097393
2176	81.267265
2177	20.23572
2178	15.444287
2179	64.93179
2180	59.720314
2181	30.767067
2182	89.12044
2183	79.14419
2184	78.236145
2185	32.870693
2186	91.22944
2187	78.02999
2188	12.986301
2189	35.888
2190	8.513393
2191	86.11897
2192	13.394954
2193	92.13193
2194	0.6914252
2195	98.891624
2196	5.341927
2197	21.881943
2198	60.067345
2199	62.61213
2200	62.556393
2201	59.791313
2202	65.73126
2203	89.661934
2204	74.085976
2205	57.893623
2206	74.253334
2207	10.781114
2208	51.030373
2209	24.056036
2210	50.346016
2211	42.564007
2212	95.28365
2213	43.374718
2214	40.275185
2215	78.58421
2216	61.962055
2217	22.134907
2218	32.972607
2219	97.42026
2220	6.994135
2221	99.2576
2222	60.02174
2223	45.003727
2224	64.19601
2225	5.6119633
2226	64.006294
2227	11.007947
2228	88.67137
2229	69.52152
2230	0.50529873
2231	97.29661
2232	97.68156
2233	15.819617
2234	73.2895
2235	32.926464
2236	72.16995
2237	3.282787
2238	57.380013
2239	81.408066
2240	65.42204
2241	89.78695
2242	6.032349
2243	93.4588
2244	48.359814
2245	0.69910204
2246	30.775148
2247	97.00405
2248	36.336544
2249	66.56223
2250	90.097595
2251	61.74509
2252	57.97859
2253	46.870346
2254	59.83239
2255	67.59043
2256	51.621246
2257	81.7304
2258	83.281166
2259	31.247625
2260	99.885445
2261	38.20815
2262	24.129221
2263	70.272285
2264	37.942177
2265	43.154625
2266	70.196365
2267	8.871325
2268	96.011604
2269	19.310268
2270	61.070915
2271	54.757164
2272	61.64357
2273	66.483505
2274	37.67358
2275	1.3498585
2276	72.32657
2277	54.60062
2278	36.798122
2279	34.624023
2280	73.971886
2281	20.423918
2282	78.67576
2283	48.89737
2284	5.8199058
2285	84.7349
2286	20.610083
2287	42.539738
2288	60.774117
2289	82.47716
2290	28.796564
2291	40.621254
2292	59.65949
2293	0.9779636
2294	29.055273
2295	26.811638
2296	76.06561
2297	7.911163
2298	59.26443
2299	6.147147
2300	71.18721
2301	0.5500862
2302	90.47388
2303	58.080044
