0	8.413108
1	65.47671
2	72.78223
3	67.03368
4	57.77024
5	70.43573
6	49.750843
7	67.800285
8	56.641373
9	60.915108
10	75.60881
11	90.71151
12	44.735977
13	56.862125
14	85.83669
15	64.482056
16	99.398155
17	54.79962
18	41.965622
19	76.981186
20	80.74157
21	98.93894
22	54.253727
23	67.47031
24	63.90346
25	72.4718
26	79.03786
27	46.240177
28	57.89601
29	57.017685
30	68.361984
31	75.95833
32	95.91402
33	48.586105
34	71.49148
35	65.58603
36	80.436905
37	70.49679
38	40.063374
39	73.19557
40	74.21672
41	77.09479
42	55.035145
43	70.7852
44	52.91344
45	17.69366
46	7.0192904
47	18.087948
48	36.209423
49	16.211498
50	33.708385
51	55.439568
52	31.434515
53	24.32572
54	50.846523
55	11.240543
56	26.837145
57	46.949345
58	48.7401
59	37.349968
60	19.626486
61	51.68654
62	30.867046
63	10.30011
64	51.530167
65	29.298723
66	46.904213
67	30.415821
68	49.17126
69	24.827625
70	9.47455
71	35.93073
72	36.52629
73	29.57006
74	39.867924
75	51.122356
76	8.670535
77	32.209385
78	0.9335014
79	17.613464
80	40.87106
81	0.81155604
82	0.9040416
83	47.6389
84	32.862076
85	66.40489
86	68.613914
87	50.261562
88	59.509888
89	42.31776
90	41.81682
91	75.202896
92	94.79527
93	45.1789
94	76.81036
95	71.96855
96	61.463623
97	54.436943
98	54.59069
99	86.66194
100	92.40646
101	47.289013
102	77.793274
103	58.701023
104	55.098354
105	70.22187
106	83.01322
107	64.51482
108	54.95595
109	95.03195
110	53.09883
111	46.68622
112	47.204273
113	64.75601
114	62.770767
115	45.393093
116	63.275856
117	63.155678
118	74.29132
119	59.914284
120	57.10928
121	95.27852
122	76.255844
123	61.369034
124	78.8826
125	34.309456
126	39.817078
127	55.585194
128	17.21595
129	10.771161
130	21.028053
131	47.2133
132	38.23187
133	37.350563
134	21.153614
135	17.91123
136	12.4406805
137	11.608277
138	19.334303
139	37.325626
140	14.699138
141	54.10417
142	6.31705
143	58.22105
144	2.9778821
145	59.077965
146	10.12171
147	44.28098
148	39.463898
149	6.7661853
150	11.606544
151	33.89343
152	42.513077
153	4.645263
154	59.854084
155	15.042679
156	26.141418
157	21.29983
158	36.336006
159	26.824432
160	28.887562
161	23.729969
162	3.148173
163	26.92333
164	1.566328
165	92.30545
166	99.082146
167	76.271576
168	75.58017
169	51.19407
170	99.28015
171	52.3587
172	61.152527
173	78.72367
174	71.55585
175	0.68503964
176	11.778521
177	14.21157
178	34.75964
179	35.72072
180	0.2940032
181	28.173801
182	35.45443
183	24.421022
184	26.991814
185	4.0063286
186	3.032337
187	28.105711
188	18.171373
189	15.255647
190	8.769025
191	11.726641
192	55.70384
193	16.474144
194	59.642925
195	33.76262
196	23.90142
197	45.577843
198	36.117805
199	31.149418
200	30.252539
201	39.194862
202	11.876182
203	48.325066
204	33.463333
205	58.158455
206	77.85239
207	73.47398
208	88.07368
209	52.899216
210	41.953014
211	93.86279
212	54.79954
213	42.577133
214	99.829124
215	59.081596
216	71.36407
217	85.39981
218	50.00539
219	77.61688
220	65.77183
221	89.84208
222	92.651245
223	47.082844
224	67.25551
225	45.688614
226	75.14288
227	65.17283
228	67.02957
229	40.066654
230	91.42401
231	57.147915
232	76.55354
233	57.293747
234	75.94042
235	45.49276
236	73.030914
237	70.54316
238	51.934315
239	65.48493
240	65.62735
241	53.8223
242	54.485893
243	50.8036
244	89.57515
245	81.442444
246	75.18111
247	75.84189
248	75.772125
249	94.00904
250	59.34005
251	64.361824
252	41.43414
253	51.534676
254	42.135513
255	58.231464
256	97.44392
257	42.08044
258	70.85832
259	67.95171
260	59.644547
261	91.947914
262	57.380386
263	44.110485
264	50.06039
265	41.435036
266	49.489147
267	64.63511
268	45.12009
269	91.67088
270	41.61243
271	72.576225
272	59.43461
273	56.30637
274	60.81385
275	88.67759
276	63.03172
277	74.149445
278	79.57252
279	88.02653
280	58.585476
281	66.275604
282	51.19576
283	64.71131
284	60.698616
285	69.96614
286	47.230587
287	77.11897
288	72.2326
289	52.288162
290	56.666447
291	75.18581
292	43.95983
293	42.62648
294	82.320206
295	50.205837
296	71.07179
297	77.8308
298	97.273026
299	77.25542
300	47.381065
301	77.84459
302	61.473015
303	50.504997
304	50.66913
305	50.52082
306	45.507835
307	49.644146
308	87.577415
309	80.153534
310	65.926674
311	44.455364
312	73.12023
313	54.493
314	45.64382
315	49.83021
316	62.102005
317	56.18701
318	40.23467
319	63.29731
320	67.14485
321	70.82681
322	40.002758
323	79.67454
324	76.810715
325	73.6292
326	49.113815
327	57.732956
328	93.293785
329	51.327873
330	45.228176
331	75.34275
332	83.11661
333	76.834694
334	95.17006
335	77.29144
336	61.8637
337	69.24333
338	82.346115
339	42.538136
340	89.69345
341	97.242294
342	48.687477
343	44.98142
344	2.3200338
345	6.8302517
346	27.984032
347	32.988274
348	59.99493
349	3.651629
350	27.637463
351	47.65785
352	46.702637
353	48.256626
354	24.428253
355	20.30159
356	54.743626
357	1.5037352
358	0.9969784
359	48.702583
360	15.534003
361	19.237614
362	36.85021
363	22.011175
364	47.142166
365	29.738945
366	10.901929
367	17.745981
368	32.982563
369	25.569857
370	22.437323
371	32.90233
372	1.4391611
373	7.013249
374	24.63533
375	10.788464
376	1.0979943
377	13.048232
378	10.720636
379	16.537975
380	23.065512
381	4.96751
382	55.488995
383	30.09117
384	7.3878703
385	52.705105
386	17.615396
387	14.520484
388	5.9313517
389	41.877663
390	37.41979
391	27.997742
392	33.33896
393	42.787254
394	51.6293
395	52.045162
396	55.629524
397	29.256786
398	57.33235
399	20.047777
400	40.20709
401	12.926139
402	1.2459503
403	0.33692256
404	39.03646
405	25.53152
406	27.468029
407	36.611572
408	7.8542786
409	16.71023
410	47.06276
411	15.046221
412	38.523094
413	38.017433
414	36.127296
415	12.141154
416	38.999306
417	55.11114
418	5.414342
419	40.20286
420	15.874032
421	9.456115
422	14.135624
423	8.299504
424	38.059357
425	38.416878
426	23.247215
427	55.618275
428	46.930573
429	18.2547
430	39.318367
431	31.358568
432	8.098371
433	18.312756
434	9.011309
435	30.626926
436	12.973264
437	46.568375
438	6.2503033
439	29.256695
440	54.397682
441	46.750675
442	9.333934
443	52.05744
444	19.859573
445	15.366554
446	18.244448
447	37.16827
448	32.250088
449	16.077011
450	33.39267
451	54.12484
452	17.109055
453	25.808653
454	24.50465
455	7.4548526
456	11.875984
457	24.316204
458	26.862007
459	27.571306
460	59.698753
461	58.209503
462	0.91199523
463	30.069166
464	41.24379
465	58.017227
466	38.002148
467	45.969532
468	35.523865
469	14.951507
470	23.824297
471	34.819874
472	2.3740745
473	53.28071
474	57.605965
475	57.61936
476	68.39532
477	76.23056
478	51.16774
479	95.212555
480	79.19539
481	61.545044
482	75.38681
483	45.644753
484	55.081207
485	73.24721
486	91.8828
487	57.07271
488	66.043755
489	62.99327
490	56.597153
491	68.53883
492	46.214203
493	78.16823
494	42.727036
495	56.510094
496	55.61093
497	53.392086
498	77.58121
499	55.7983
500	68.967255
501	52.40681
502	72.429794
503	67.762436
504	64.072075
505	55.105873
506	93.87659
507	52.882996
508	48.69905
509	69.520645
510	56.471626
511	73.63129
512	66.77844
513	56.616295
514	74.54836
515	64.65686
516	87.0669
517	58.97627
518	69.84162
519	57.026752
520	84.06181
521	72.89858
522	87.47577
523	72.76872
524	51.46573
525	50.60081
526	49.932667
527	50.57778
528	40.3102
529	55.89302
530	83.60875
531	68.54541
532	75.83675
533	87.35951
534	73.13513
535	53.3872
536	64.33605
537	67.58873
538	58.182026
539	49.827866
540	84.79372
541	50.070488
542	76.36711
543	85.7959
544	95.08107
545	59.380634
546	76.439926
547	79.31421
548	49.263557
549	48.031548
550	43.401325
551	64.94819
552	62.983967
553	65.95968
554	6.878349
555	49.083424
556	41.17913
557	51.02732
558	15.2189665
559	58.469593
560	54.272987
561	31.185465
562	18.63077
563	16.840378
564	32.0482
565	10.981888
566	0.42653108
567	0.6745115
568	8.459492
569	38.6845
570	5.6330023
571	20.240494
572	54.952057
573	20.566212
574	39.71689
575	2.6929476
576	13.5578165
577	37.06938
578	14.886406
579	33.67802
580	50.44205
581	43.611423
582	34.869957
583	1.306266
584	45.6045
585	24.390966
586	45.86089
587	44.883064
588	39.852264
589	38.480377
590	54.712284
591	25.377281
592	29.549091
593	46.40232
594	2.0411367
595	3.4298348
596	52.029137
597	3.1415424
598	56.24284
599	52.5428
600	51.77132
601	26.472992
602	42.847813
603	39.053677
604	7.244416
605	59.017536
606	7.8903084
607	33.64389
608	11.634033
609	17.143538
610	8.604635
611	33.835915
612	31.668423
613	13.617497
614	45.002083
615	36.15544
616	22.5726
617	43.112232
618	35.623554
619	12.52481
620	58.6362
621	10.016389
622	26.740835
623	30.9714
624	15.34977
625	0.96008325
626	59.76316
627	15.281656
628	16.594532
629	17.053925
630	56.187164
631	46.832596
632	30.921228
633	6.8773575
634	49.586803
635	59.101696
636	57.72967
637	35.132915
638	57.799213
639	23.560223
640	1.5886573
641	54.064655
642	55.70662
643	34.970745
644	13.013864
645	9.470013
646	2.5628176
647	43.136894
648	40.672443
649	12.80975
650	5.8469152
651	24.947245
652	53.587368
653	16.91293
654	32.05406
655	11.400428
656	35.55231
657	33.88261
658	5.409707
659	14.996322
660	34.869423
661	39.04618
662	30.590662
663	17.572855
664	14.547365
665	31.341675
666	4.5217566
667	46.159782
668	14.654076
669	59.49492
670	17.665222
671	56.320732
672	48.60935
673	38.765125
674	10.674503
675	7.2558055
676	11.121034
677	9.606206
678	24.636187
679	26.228025
680	13.4594145
681	36.64456
682	31.962954
683	18.930786
684	47.545746
685	51.846214
686	52.66612
687	59.107433
688	34.1457
689	54.056953
690	36.868988
691	8.390773
692	8.478514
693	8.867723
694	52.4969
695	46.943222
696	46.10707
697	35.185966
698	49.47747
699	36.771572
700	19.77788
701	18.47641
702	27.966475
703	22.400888
704	34.50682
705	22.979475
706	32.30031
707	9.7560625
708	3.5697048
709	20.898903
710	37.963284
711	33.832394
712	46.913506
713	30.100435
714	22.447208
715	21.564402
716	59.001045
717	10.7375345
718	32.365772
719	9.59638
720	58.198853
721	19.209253
722	39.99939
723	31.988289
724	29.603308
725	7.4410467
726	57.324444
727	10.291462
728	38.292168
729	36.990307
730	51.80724
731	17.336653
732	56.20545
733	84.888084
734	75.744064
735	49.520687
736	46.082703
737	75.93918
738	73.93108
739	71.23633
740	83.98125
741	59.14786
742	54.434155
743	72.499054
744	61.780647
745	66.928116
746	88.88635
747	45.805077
748	65.137375
749	69.40961
750	63.985394
751	76.450584
752	61.68801
753	72.90489
754	97.04988
755	41.003506
756	55.47634
757	47.478165
758	79.527145
759	47.993195
760	64.7363
761	57.664158
762	52.322384
763	59.431396
764	79.60437
765	41.964813
766	87.11214
767	94.37901
768	20.446058
769	47.672123
770	52.10131
771	4.349813
772	49.50209
773	20.77899
774	27.345692
775	12.923291
776	51.041096
777	42.776413
778	48.739708
779	6.604583
780	38.754093
781	8.6529255
782	19.06966
783	36.532112
784	31.815044
785	52.89975
786	32.68115
787	1.0544133
788	27.291727
789	0.0016694578
790	11.418702
791	22.460583
792	36.51143
793	57.73376
794	41.760796
795	39.624966
796	0.6055411
797	5.0793395
798	4.8363576
799	7.992782
800	14.356535
801	10.174746
802	9.556353
803	12.337847
804	28.866482
805	1.9383097
806	37.33408
807	54.370296
808	56.500736
809	14.854657
810	6.6605372
811	9.9093485
812	40.69595
813	43.15796
814	41.649105
815	13.100313
816	23.067612
817	7.073195
818	0.10604534
819	31.998215
820	31.350163
821	16.470448
822	31.301985
823	48.89854
824	7.6800075
825	26.152756
826	3.503063
827	10.466158
828	20.662
829	11.2755165
830	35.376217
831	43.681793
832	29.697657
833	41.149467
834	6.0227976
835	24.790445
836	21.026047
837	37.595413
838	36.852283
839	43.571922
840	11.49152
841	45.31445
842	20.279455
843	59.381714
844	41.94522
845	56.54065
846	43.51532
847	39.941517
848	2.0194035
849	47.938103
850	6.9355593
851	20.564913
852	7.4211483
853	12.572428
854	31.71647
855	22.151257
856	27.482105
857	58.65494
858	66.68272
859	61.002995
860	71.2609
861	62.555565
862	74.68254
863	66.67331
864	86.558624
865	60.04647
866	84.95357
867	90.39508
868	64.22083
869	43.226498
870	42.150436
871	80.81137
872	79.458725
873	69.752335
874	94.96347
875	65.81984
876	47.11127
877	66.00894
878	93.19522
879	45.09864
880	67.61336
881	64.922485
882	51.148575
883	55.66508
884	66.60385
885	71.40287
886	91.61488
887	43.533844
888	71.825645
889	84.04117
890	46.85047
891	65.71183
892	67.559746
893	88.482025
894	46.21444
895	90.00673
896	40.837955
897	54.35198
898	71.9523
899	55.383663
900	63.418472
901	60.978035
902	89.609665
903	77.29045
904	65.61317
905	81.4666
906	68.852295
907	72.36154
908	44.197895
909	46.657887
910	56.32533
911	54.51955
912	69.90294
913	91.898346
914	46.93143
915	98.67199
916	64.51519
917	55.569515
918	49.390747
919	62.54708
920	43.681866
921	52.85911
922	66.37045
923	90.52684
924	76.86696
925	54.238285
926	72.3351
927	77.22534
928	97.36383
929	55.863293
930	76.50136
931	75.97292
932	63.60649
933	1.1372379
934	41.61771
935	35.29133
936	0.755661
937	57.246952
938	11.491951
939	25.371439
940	15.090804
941	53.037685
942	42.301838
943	14.45358
944	48.858845
945	31.484484
946	42.417942
947	4.2443585
948	24.495237
949	52.26237
950	19.731632
951	43.758125
952	0.030085186
953	58.59022
