0	38.044556
1	50.302402
2	27.9548
3	32.00603
4	26.098124
5	0.85285485
6	46.98296
7	39.785454
8	35.516262
9	31.713305
10	13.059948
11	17.479197
12	2.962271
13	15.46109
14	29.453867
15	22.655401
16	36.60537
17	7.0324883
18	28.151684
19	19.2839
20	20.960594
21	11.240963
22	16.271112
23	16.779636
24	23.549543
25	8.119483
26	58.598534
27	24.050734
28	59.336864
29	12.058661
30	30.542791
31	54.0999
32	3.3632205
33	15.354291
34	25.624594
35	20.666237
36	55.2578
37	12.562903
38	1.336579
39	9.480458
40	19.98142
41	9.034354
42	39.23972
43	0.7602021
44	22.228214
45	38.617153
46	6.568707
47	14.486722
48	48.83196
49	31.87375
50	49.145016
51	45.648926
52	49.97639
53	17.953371
54	38.36942
55	41.364353
56	35.83754
57	2.2356477
58	7.1333814
59	2.6408944
60	17.685513
61	7.777415
62	16.534653
63	1.4255849
64	47.66996
65	27.751017
66	3.819328
67	19.480742
68	8.810209
69	31.361319
70	39.577232
71	11.1687765
72	5.213601
73	23.137897
74	0.2481353
75	0.6511346
76	58.49024
77	26.374947
78	12.320031
79	26.34988
80	24.557177
81	29.543928
82	11.037316
83	43.77239
84	14.947304
85	2.5882738
86	4.5339084
87	42.942905
88	36.256405
89	22.227127
90	24.9747
91	38.16828
92	16.103914
93	20.652493
94	37.40178
95	3.8339176
96	22.56411
97	30.558565
98	3.7478504
99	54.65178
100	38.205338
101	19.964691
102	27.175297
103	30.625017
104	1.8598158
105	4.6055684
106	39.74483
107	27.894009
108	33.662933
109	28.581417
110	0.44895175
111	49.81729
112	38.54888
113	22.618279
114	45.73877
115	55.291107
116	2.5997717
117	9.2502775
118	16.667553
119	30.346762
120	18.28548
121	13.633546
122	37.754696
123	25.062489
124	34.95648
125	26.032251
126	13.102533
127	23.899204
128	23.837976
129	4.2449217
130	3.0841038
131	37.40014
132	37.579666
133	33.803673
134	18.18936
135	9.385939
136	35.650955
137	16.76375
138	5.5972457
139	37.356316
140	41.421978
141	42.30635
142	43.33085
143	42.57076
144	54.578533
145	55.994713
146	4.3328295
147	52.572807
148	32.33161
149	51.898815
150	3.4433987
151	28.105234
152	38.38547
153	25.783792
154	9.685275
155	2.954264
156	13.964073
157	19.364754
158	15.0613785
159	15.829001
160	52.502796
161	53.81363
162	19.251993
163	15.272401
164	7.3028464
165	17.28905
166	22.995186
167	21.251879
168	21.030357
169	38.767555
170	17.483746
171	43.81419
172	11.980408
173	27.516624
174	42.987347
175	15.414959
176	36.568516
177	9.2240505
178	20.605806
179	15.943593
180	16.772366
181	54.193184
182	30.499939
183	37.12497
184	28.014252
185	50.50195
186	25.347677
187	36.481834
188	11.70594
189	24.974089
190	23.606445
191	34.61475
192	37.074173
193	11.714242
194	3.4431927
195	18.076008
196	5.8465343
197	29.0899
198	9.573456
199	16.415363
200	10.125752
201	16.717012
202	17.540861
203	56.922222
204	44.49233
205	47.322926
206	4.4536476
207	24.742773
208	33.65929
209	18.038488
210	31.48794
211	32.473743
212	3.9528942
213	21.309374
214	37.84664
215	26.698044
216	42.288704
217	4.661169
218	11.453202
219	8.276579
220	55.58606
221	11.11899
222	50.20906
223	38.464375
224	34.849373
225	22.269426
226	33.880474
227	34.8781
228	16.961369
229	15.417704
230	6.775501
231	31.868261
232	1.7718452
233	11.786328
234	15.8265915
235	17.95844
236	24.632961
237	4.2259007
238	28.341228
239	0.3717508
240	22.139507
241	34.464516
242	32.905327
243	27.67989
244	34.350727
245	17.315563
246	30.34686
247	9.427064
248	58.20367
249	30.197868
250	57.437744
251	35.284874
252	22.49053
253	53.73614
254	8.025343
255	5.2589297
256	16.214447
257	52.032856
258	24.503984
259	35.12577
260	30.863796
261	1.6652515
262	21.50832
263	17.81603
264	27.733843
265	14.979958
266	52.084293
267	18.996351
268	1.6116276
269	1.2756985
270	19.497478
271	18.848595
272	31.441782
273	17.753067
274	20.352861
275	39.339115
276	26.429903
277	20.407433
278	11.192069
279	34.75461
280	23.49797
281	3.0558395
282	53.47032
283	39.154007
284	29.35485
285	33.17964
286	33.737713
287	20.193298
288	32.557796
289	5.683126
290	11.271038
291	43.020466
292	21.63378
293	45.891174
294	13.165296
295	49.558205
296	5.460305
297	38.103306
298	7.141919
299	3.1745584
300	10.311785
301	42.520348
302	36.79571
303	43.71939
304	44.299343
305	30.020235
306	36.779922
307	11.082549
308	3.9066138
309	21.666542
310	59.423187
311	45.94564
312	17.543327
313	14.121496
314	20.200249
315	21.399317
316	46.038616
317	25.391768
318	33.011272
319	50.58621
320	15.469796
321	44.189075
322	57.77684
323	36.296875
324	48.951706
325	5.70275
326	5.5353184
327	14.121926
328	53.162136
329	35.69428
330	50.441875
331	13.535724
332	39.15917
333	48.459187
334	7.2975116
335	44.11874
336	17.609558
337	15.324259
338	56.655025
339	51.21553
340	13.85642
341	34.300983
342	9.12662
343	30.057775
344	51.00132
345	19.856203
346	44.963215
347	12.413
348	23.773737
349	35.794323
350	58.132023
351	1.6275038
352	33.123177
353	3.735297
354	54.839046
355	36.501575
356	40.30217
357	25.083466
358	21.028202
359	48.613647
360	22.251812
361	44.34433
362	54.320457
363	3.9261534
364	19.22086
365	50.732628
366	35.025635
367	7.238144
368	18.33275
369	0.93055123
370	31.430536
371	42.771523
372	33.738377
373	5.0370073
374	28.89751
375	5.187717
376	23.154545
377	35.67028
378	34.23399
379	10.6744375
380	36.481293
381	6.178099
382	7.554142
383	1.4903054
384	37.331566
385	58.248493
386	33.95235
387	36.830418
388	50.585667
389	28.519949
390	9.603211
391	14.5198965
392	38.2636
393	30.03388
394	11.836127
395	53.143238
396	26.282406
397	34.083805
398	33.18086
399	30.781322
400	4.5203695
401	41.133163
402	34.305874
403	41.527958
404	27.610014
405	54.47357
406	35.771435
407	35.957863
408	28.881706
409	35.29547
410	13.519206
411	16.717909
412	24.879786
413	22.842974
414	8.020363
415	5.413567
416	32.873077
417	8.324825
418	22.003977
419	21.96235
420	8.781652
421	56.253345
422	28.446335
423	10.358954
424	41.966408
425	1.411002
426	2.79955
427	13.06946
428	28.67183
429	21.406723
430	9.789505
431	49.945976
432	21.390566
433	43.190285
434	44.97737
435	31.928125
436	3.7329142
437	1.4410154
438	27.337887
439	36.288136
440	39.40032
441	2.4514773
442	55.472755
443	18.928
444	43.37571
445	20.894531
446	41.1203
447	57.82299
448	10.824054
449	15.068498
450	48.20523
451	13.442162
452	13.399262
453	38.12456
454	10.993824
455	49.200928
456	59.966503
457	33.138603
458	38.910202
459	4.00019
460	8.591516
461	12.033338
462	19.92262
463	25.500841
464	10.837164
465	19.212324
466	20.346006
467	38.203163
468	38.13121
469	32.73284
470	26.541542
471	32.093887
472	20.492601
473	46.04441
474	10.382572
475	33.27585
476	37.911003
477	19.35955
478	24.37196
479	28.771307
480	27.233112
481	0.68510693
482	2.1281443
483	49.843273
484	55.932964
485	12.14327
486	35.386105
487	10.537379
488	25.681715
489	36.336475
490	11.245152
491	15.074107
492	21.29368
493	39.42593
494	11.223777
495	40.151283
496	57.39156
497	19.833118
498	39.488968
499	41.854454
500	92.87715
501	56.22386
502	92.24704
503	71.83815
504	91.32627
505	51.967995
506	70.96232
507	50.7716
508	76.96331
509	49.042427
510	63.09606
511	66.64097
512	88.01805
513	71.460785
514	50.331505
515	69.241844
516	75.78842
517	44.392498
518	81.363945
519	75.22742
520	73.687546
521	70.20585
522	74.9874
523	79.744934
524	91.956116
525	71.20019
526	69.43265
527	50.49702
528	87.66316
529	40.475426
530	44.810394
531	63.792645
532	66.01723
533	56.2668
534	79.450806
535	84.62285
536	81.423584
537	83.31867
538	55.287113
539	58.89322
540	51.013893
541	40.314247
542	78.22658
543	51.143806
544	49.2183
545	87.83461
546	99.8621
547	49.778656
548	65.172554
549	85.32417
550	47.912663
551	86.14334
552	58.60044
553	45.168648
554	84.44116
555	73.7305
556	84.28434
557	57.24559
558	73.18316
559	69.3596
560	70.334656
561	68.18622
562	50.23043
563	69.36877
564	51.19116
565	76.09155
566	55.848133
567	60.672676
568	92.63725
569	52.088593
570	79.69826
571	80.65585
572	99.41501
573	47.372787
574	53.120804
575	61.89652
576	61.319866
577	54.511673
578	59.98556
579	72.15697
580	60.445435
581	96.61233
582	41.434345
583	46.37667
584	56.1976
585	69.08638
586	63.25096
587	68.33086
588	72.06104
589	49.042015
590	62.66844
591	54.1487
592	54.226032
593	57.589344
594	64.773285
595	41.147964
596	89.062485
597	99.75458
598	40.54063
599	57.00865
600	85.05238
601	77.459496
602	46.39558
603	66.58273
604	50.28589
605	73.212555
606	86.63727
607	45.022984
608	98.71852
609	65.90799
610	60.395958
611	98.01269
612	73.3203
613	61.750988
614	68.88066
615	68.257095
616	54.657005
617	42.018635
618	41.89721
619	51.4012
620	54.479874
621	83.68257
622	46.46479
623	74.16747
624	55.559235
625	58.86078
626	64.83115
627	62.76104
628	66.41324
629	50.50077
630	46.958187
631	71.62837
632	48.977547
633	82.708466
634	88.267395
635	74.72864
636	79.252
637	74.047104
638	60.444153
639	76.49082
640	77.5991
641	97.18105
642	42.30615
643	63.78675
644	72.07822
645	86.36865
646	88.3134
647	57.16565
648	87.25754
649	48.315376
650	50.45793
651	48.72114
652	99.134186
653	58.14346
654	96.39984
655	81.85927
656	53.973957
657	66.27813
658	57.33744
659	61.25315
660	73.32617
661	57.47509
662	52.53682
663	51.58532
664	90.60484
665	72.661415
666	52.71609
667	78.14499
668	81.77428
669	81.51303
670	91.66138
671	61.53656
672	57.648895
673	92.29974
674	98.45804
675	74.03166
676	90.82434
677	91.551575
678	71.71535
679	44.140118
680	55.50555
681	54.90804
682	46.71023
683	73.20744
684	72.778595
685	86.769714
686	68.041336
687	49.66481
688	60.126534
689	58.892212
690	78.317314
691	40.284004
692	89.05408
693	75.08345
694	57.02388
695	96.5325
696	66.2849
697	43.342735
698	40.20998
699	59.134853
700	72.58002
701	96.72153
702	53.54091
703	96.083984
704	43.193794
705	66.78325
706	97.08184
707	49.7305
708	67.33224
709	93.619354
710	88.33896
711	42.253418
712	81.76512
713	44.957424
714	59.944405
715	45.581333
716	45.782875
717	64.69003
718	49.014275
719	67.88173
720	57.344208
721	56.475998
722	52.442886
723	49.303394
724	94.753
725	48.55879
726	47.521305
727	78.39537
728	70.94707
729	69.822914
730	51.068146
731	41.73917
732	73.82455
733	60.194977
734	69.30916
735	51.21482
736	54.00943
737	40.273453
738	94.50935
739	81.00313
740	79.31225
741	61.208817
742	66.42055
743	70.9815
744	53.897392
745	94.63365
746	47.11885
747	79.24555
748	77.5699
749	67.31868
750	58.67714
751	74.4919
752	52.109375
753	78.93555
754	55.64759
755	49.89802
756	43.807667
757	54.608673
758	79.03038
759	47.376987
760	65.16517
761	69.82787
762	61.53129
763	86.87379
764	80.046776
765	59.46911
766	47.749916
767	49.05298
768	72.667984
769	68.787094
770	86.61307
771	54.28119
772	71.977234
773	66.34928
774	62.9712
775	67.57217
776	84.92379
777	93.32673
778	58.90484
779	98.5753
780	90.90477
781	78.587036
782	45.75565
783	58.958633
784	76.02664
785	56.074936
786	88.891624
787	63.350113
788	61.494873
789	40.540657
790	55.677063
791	75.54292
792	60.4207
793	65.408264
794	61.125313
795	56.82021
796	48.10817
797	84.91919
798	81.44133
799	69.063095
800	74.033905
801	53.871006
802	76.077545
803	73.1953
804	55.830566
805	68.01531
806	50.434616
807	74.681656
808	75.5139
809	50.707386
810	77.17987
811	69.134
812	74.65369
813	41.457954
814	55.834183
815	81.436295
816	75.80809
817	44.680893
818	68.18447
819	70.79782
820	75.60689
821	58.667313
822	55.521942
823	52.96885
824	87.77268
825	50.412132
826	45.625156
827	43.78835
828	40.273678
829	84.9211
830	42.180416
831	72.99793
832	80.09238
833	72.19408
834	73.30267
835	40.454853
836	53.53459
837	76.67955
838	63.39601
839	63.355087
840	68.99073
841	70.77878
842	71.52737
843	97.74788
844	80.53589
845	98.40686
846	62.021187
847	63.038624
848	57.33239
849	43.936596
850	55.459175
851	75.88545
852	55.949203
853	76.80711
854	60.05267
855	48.205555
856	92.73191
857	90.39156
858	91.8305
859	68.80932
860	63.780075
861	97.37958
862	55.245647
863	82.1051
864	41.41707
865	75.675514
866	54.83867
867	67.02829
868	51.514893
869	86.34667
870	77.25711
871	85.267586
872	67.24992
873	74.60141
874	71.4243
875	91.05204
876	74.46988
877	87.87175
878	68.23017
879	43.72975
880	98.79231
881	71.99208
882	75.24406
883	79.50484
884	57.787483
885	47.0836
886	66.36799
887	51.54705
888	53.74504
889	92.31989
890	48.418053
891	86.918686
892	79.53832
893	57.551613
894	75.22551
895	40.736996
896	56.758293
897	41.42467
898	95.53427
899	43.110783
900	73.8576
901	77.20891
902	43.880074
903	69.695465
904	93.461334
905	56.808918
906	82.51318
907	52.76618
908	55.79542
909	82.069984
910	40.012444
911	65.401855
912	50.19537
913	90.59793
914	95.8653
915	66.66416
916	62.85169
917	76.33875
918	72.65514
919	74.45656
920	47.242783
921	61.06263
922	65.87195
923	46.06393
924	99.62915
925	40.320686
926	73.063736
927	47.600163
928	57.057156
929	72.349625
930	53.44031
931	52.58046
932	78.75281
933	75.99922
934	48.52633
935	63.454254
936	53.699337
937	59.376114
938	66.002106
939	63.69011
940	76.78609
941	63.299202
942	45.4708
943	23.616083
944	14.016811
945	37.019024
946	24.890099
947	1.0829916
948	6.9593754
949	15.874639
950	49.573284
951	7.688582
952	15.421815
953	12.846672
954	21.23094
955	26.398088
956	8.2187805
957	8.875222
958	15.716126
959	42.11947
960	34.16743
961	33.9779
962	25.429323
963	9.245718
964	0.12272358
965	17.655188
966	20.27616
967	10.251368
968	17.2734
969	3.334344
970	33.93454
971	17.858658
972	11.478034
973	10.135376
974	6.075248
975	48.221798
976	2.6061728
977	38.57899
978	7.0705247
979	35.99612
980	14.156494
981	23.70881
982	23.286127
983	30.173113
984	28.67225
985	16.59247
986	27.039759
987	33.1289
988	34.4198
989	14.659797
990	44.135143
991	4.9263196
992	38.907425
993	23.944948
994	17.98541
995	32.554855
996	55.887653
997	37.144585
998	15.266091
999	53.97107
1000	23.108307
1001	11.84961
1002	29.470322
1003	27.912962
1004	11.578983
1005	12.302693
1006	56.686073
1007	38.070107
1008	15.5300665
1009	16.54391
1010	58.51397
1011	5.596315
1012	0.39888003
1013	48.549606
1014	40.915367
1015	40.16564
1016	40.493973
1017	38.81728
1018	47.409306
1019	41.432693
1020	47.929935
1021	1.3218212
1022	30.592155
1023	25.244297
1024	23.362652
1025	38.97146
1026	47.865505
1027	18.481567
1028	41.642143
1029	36.582653
1030	31.849693
1031	58.307556
1032	51.01279
1033	32.46067
1034	11.411432
1035	31.44141
1036	18.32142
1037	17.82684
1038	20.089926
1039	44.806248
1040	30.251177
1041	39.678795
1042	8.439682
1043	31.033672
1044	21.24674
1045	10.862883
1046	25.288876
1047	16.656727
1048	12.191333
1049	55.56306
1050	11.509204
1051	53.86661
1052	25.103008
1053	30.020199
1054	11.169206
1055	7.572752
1056	23.345907
1057	54.94152
1058	11.081386
1059	20.976952
1060	43.95902
1061	35.288742
1062	11.035175
1063	56.219055
1064	24.376192
1065	33.35571
1066	24.599703
1067	47.07788
1068	32.590065
1069	9.668328
1070	26.565449
1071	16.968512
1072	27.496553
1073	45.966377
1074	17.534067
1075	21.6792
1076	4.351136
1077	10.096262
1078	9.466862
1079	29.537474
1080	15.639276
1081	32.626297
1082	16.253513
1083	19.513964
1084	36.49904
1085	4.8629694
1086	58.496925
1087	17.150024
1088	44.72137
1089	12.929007
1090	35.68713
1091	32.463932
1092	38.888077
1093	1.0725579
1094	51.625607
1095	34.898483
1096	6.2253923
1097	35.750954
1098	43.08587
1099	30.027437
1100	16.223442
1101	37.28662
1102	33.981567
1103	28.304588
1104	21.169716
1105	6.7714705
1106	0.22326809
1107	17.330687
1108	30.467278
1109	42.40013
1110	23.980415
1111	5.929848
1112	51.956093
1113	31.54116
1114	3.7756815
1115	4.520561
1116	40.736835
1117	33.818634
1118	37.196148
1119	12.303248
1120	2.41979
1121	7.9460335
1122	5.9603076
1123	15.37401
1124	5.1181827
1125	23.780865
1126	19.334232
1127	1.3759763
1128	17.273949
1129	30.326418
1130	5.680574
1131	2.3070128
1132	30.32292
1133	36.50444
1134	42.47633
1135	2.7578735
1136	23.525293
1137	34.459915
1138	49.056595
1139	21.641644
1140	32.007343
1141	17.390419
1142	8.587626
1143	15.982931
1144	14.224502
1145	42.27478
1146	12.345489
1147	3.3849485
1148	53.113686
1149	18.187971
1150	5.617876
1151	22.425228
1152	17.767315
1153	40.41449
1154	36.806366
1155	6.5255923
1156	7.5440154
1157	38.62668
1158	3.5859804
1159	2.9341738
1160	8.380807
1161	6.597634
1162	28.625448
1163	33.82792
1164	3.514829
1165	14.027936
1166	21.36172
1167	12.956113
1168	30.04606
1169	16.023615
1170	3.2660341
1171	19.498363
1172	13.311808
1173	20.07514
1174	19.478058
1175	53.30461
1176	43.37339
1177	3.6100059
1178	13.631715
1179	15.193736
1180	32.36811
1181	2.8253555
1182	58.29466
1183	47.999237
1184	14.943006
1185	16.11356
1186	28.305073
1187	14.351886
1188	19.213724
1189	6.810374
1190	10.82512
1191	23.624348
1192	18.275648
1193	5.614844
1194	8.477043
1195	15.260331
1196	31.156725
1197	39.626072
1198	27.56983
1199	52.133537
1200	8.48651
1201	10.033286
1202	2.5592318
1203	13.083151
1204	51.392982
1205	15.321576
1206	51.64218
1207	17.456814
1208	3.4536185
1209	37.80964
1210	6.271612
1211	23.588366
1212	39.849186
1213	33.04107
1214	20.34183
1215	2.988927
1216	15.373609
1217	39.093365
1218	36.51862
1219	56.073357
1220	28.993408
1221	12.009058
1222	36.724472
1223	16.042393
1224	20.61116
1225	11.148199
1226	17.069149
1227	37.67399
1228	29.891878
1229	51.31736
1230	10.988942
1231	16.225204
1232	36.614624
1233	10.218368
1234	57.430565
1235	27.143003
1236	47.340454
1237	36.84978
1238	49.066193
1239	35.217045
1240	38.771057
1241	0.34560993
1242	33.34626
1243	17.958105
1244	6.305329
1245	39.30319
1246	11.4273815
1247	30.829405
1248	9.304374
1249	42.92564
1250	59.441944
1251	45.059944
1252	1.3173089
1253	15.047408
1254	5.239881
1255	18.135752
1256	23.966103
1257	58.55051
1258	44.158848
1259	15.620937
1260	1.6995564
1261	1.9418341
1262	10.392877
1263	12.535437
1264	9.89623
1265	30.116657
1266	28.662197
1267	39.257458
1268	55.51059
1269	21.013111
1270	29.238615
1271	56.424076
1272	0.12413638
1273	59.172012
1274	5.3265524
1275	48.053577
1276	47.457714
1277	59.675663
1278	27.048012
1279	30.909966
1280	40.522923
1281	20.894073
1282	53.01919
1283	19.154306
1284	29.015463
1285	37.003036
1286	0.9857672
1287	51.037964
1288	56.912224
1289	39.701168
1290	55.967037
1291	3.430886
1292	50.21974
1293	56.618446
1294	4.0433364
1295	5.8664174
1296	56.359913
1297	10.320617
1298	2.071072
1299	29.266567
1300	27.484522
1301	9.663754
1302	22.569666
1303	9.39158
1304	17.659939
1305	5.9570746
1306	15.876699
1307	59.167213
1308	58.883366
1309	16.302149
1310	36.12478
1311	16.455755
1312	2.8126729
1313	49.066154
1314	23.744041
1315	52.6821
1316	25.557882
1317	38.596985
1318	53.70514
1319	55.423416
1320	45.860752
1321	38.70552
1322	29.110262
1323	56.509293
1324	21.037336
1325	43.088676
1326	2.77651
1327	17.697538
1328	9.464647
1329	33.813244
1330	30.664722
1331	23.052011
1332	9.300705
1333	33.602646
1334	19.652065
1335	4.900958
1336	31.2934
1337	25.796593
1338	17.095608
1339	42.72533
1340	25.408491
1341	0.23493017
1342	42.370953
1343	2.5855746
1344	37.25111
1345	12.639993
1346	12.832594
1347	48.037518
1348	25.846409
1349	16.062572
1350	46.149055
1351	32.55698
1352	10.85103
1353	13.154141
1354	26.184654
1355	15.6937895
1356	28.215992
1357	11.455861
1358	48.206676
1359	51.310574
1360	14.929906
1361	29.710821
1362	27.764702
1363	18.656256
1364	21.967787
1365	39.652348
1366	5.0015464
1367	47.77754
1368	47.474632
1369	4.0992885
1370	35.359737
1371	26.29254
1372	20.952585
1373	2.2514083
1374	36.508648
1375	17.486162
1376	56.030624
1377	25.328392
1378	33.883385
1379	41.78541
1380	0.48818442
1381	1.540764
1382	22.106585
1383	28.692118
1384	39.237713
1385	45.026688
1386	18.228106
1387	41.3771
1388	24.15035
1389	41.61404
1390	47.215637
1391	21.300554
1392	23.511631
1393	11.547765
1394	38.48627
1395	31.23899
1396	35.927734
1397	50.908146
1398	21.63094
1399	22.859869
1400	17.714485
1401	23.607319
1402	26.69372
1403	45.69509
1404	12.773633
1405	1.0984486
1406	28.05932
1407	12.587206
1408	12.964861
1409	52.96709
1410	20.318508
1411	35.529873
1412	1.6107727
1413	28.234499
1414	19.422636
1415	33.644638
1416	44.31025
1417	29.756914
1418	28.127012
1419	4.7318726
1420	48.24309
1421	4.4423676
1422	15.751976
1423	5.3138857
1424	27.667576
1425	1.6497029
1426	12.807037
1427	37.246822
1428	38.130318
1429	49.73
1430	5.555589
1431	23.052849
1432	22.43663
1433	39.807285
1434	6.931251
1435	8.266562
1436	39.994633
1437	41.266357
1438	28.30247
1439	0.838208
1440	20.310045
1441	35.74711
1442	29.855005
1443	22.757618
1444	11.045426
1445	47.29366
1446	7.5158587
1447	15.620308
1448	2.46785
1449	54.76818
1450	25.120436
1451	23.385914
1452	2.2122915
1453	50.98545
1454	52.37009
1455	1.8775183
1456	45.340153
1457	24.802385
1458	32.569878
1459	32.047657
1460	54.558014
1461	25.62321
1462	22.636654
1463	17.61082
1464	37.172646
1465	10.913963
1466	56.707344
1467	23.703623
1468	29.312477
1469	20.122301
1470	8.319908
1471	37.020226
1472	37.286285
1473	27.785912
1474	14.884038
1475	57.491096
1476	19.982124
1477	35.088207
1478	14.18461
1479	6.500274
1480	32.536835
1481	53.163128
1482	22.303547
1483	52.765667
1484	9.300199
1485	29.246449
1486	16.158928
1487	17.015852
1488	27.388357
1489	47.168262
1490	22.707867
1491	21.225695
1492	8.781171
1493	18.62286
1494	56.332294
1495	38.426987
1496	6.2033906
1497	42.218555
1498	26.024527
1499	14.989295
1500	35.939686
1501	23.501429
1502	49.928833
1503	26.815964
1504	0.57653695
1505	50.696804
1506	14.697056
1507	14.439098
1508	56.141296
1509	14.19374
1510	12.538947
1511	21.1451
1512	14.845657
1513	30.185286
1514	20.243425
1515	7.9002905
1516	20.343733
1517	26.575
1518	29.194279
1519	14.537497
1520	2.699718
1521	32.601734
1522	14.511859
1523	8.334006
1524	2.7544827
1525	28.117357
1526	2.955265
1527	38.910286
1528	32.28848
1529	17.863237
1530	31.766203
1531	53.961857
1532	13.345898
1533	0.7274638
1534	2.0968719
1535	2.6667304
1536	32.460686
1537	57.470337
1538	30.93894
1539	6.847764
1540	4.431587
1541	50.44315
1542	25.996737
1543	0.45136198
1544	12.539101
1545	48.484005
1546	41.031845
1547	3.7849088
1548	3.2173934
1549	29.384499
1550	20.749094
1551	51.985977
1552	16.424168
1553	25.87914
1554	39.462185
1555	12.908371
1556	32.324745
1557	37.077564
1558	0.643171
1559	13.296857
1560	3.3833272
1561	25.417149
1562	52.896404
1563	23.31717
1564	38.070953
1565	11.898355
1566	24.281296
1567	10.971884
1568	30.470331
1569	45.455746
1570	29.29988
1571	33.079525
1572	25.925068
1573	18.043133
1574	35.27216
1575	56.228477
1576	26.494146
1577	13.576939
1578	23.570625
1579	53.93217
1580	36.05412
1581	16.529469
1582	6.391459
1583	56.04073
1584	9.207988
1585	7.151144
1586	26.517502
1587	14.976397
1588	21.397026
1589	3.426683
1590	41.046997
1591	26.686739
1592	47.249027
1593	22.441092
1594	1.0059084
1595	25.60625
1596	8.531025
1597	2.0343966
1598	32.735954
1599	32.805378
1600	35.167973
1601	1.8280394
1602	9.098607
1603	16.886997
1604	21.085339
1605	59.876205
1606	55.64316
1607	39.96689
1608	30.553612
1609	12.522521
1610	46.29835
1611	44.39799
1612	48.273746
1613	18.713543
1614	29.525997
1615	14.849547
1616	18.137857
1617	26.821318
1618	11.285014
1619	41.50192
1620	34.520763
1621	49.6024
1622	40.326546
1623	21.489706
1624	24.335726
1625	22.365387
1626	16.301682
1627	23.845175
1628	51.425106
1629	0.69772667
1630	16.034683
1631	7.643288
1632	29.850168
1633	10.496584
1634	38.2577
1635	49.844288
1636	0.8908883
1637	4.961372
1638	47.961716
1639	16.322037
1640	15.205486
1641	4.660096
1642	37.167397
1643	46.959587
1644	19.573664
1645	59.658173
1646	22.84622
1647	17.336048
1648	16.45173
1649	34.466663
1650	2.1946654
1651	7.4311705
1652	33.361324
1653	16.388712
1654	17.557766
1655	39.055225
1656	10.726716
1657	37.06073
1658	16.681322
1659	14.150664
1660	5.098205
1661	59.837177
1662	54.361977
1663	9.788781
1664	47.94227
1665	0.12574013
1666	53.550686
1667	53.04247
1668	39.266563
1669	4.1195107
1670	40.418846
1671	20.622019
1672	46.76428
1673	32.109283
1674	48.17235
1675	23.086105
1676	28.615376
1677	41.39881
1678	2.5082104
1679	22.177
1680	42.24793
1681	25.905752
1682	35.66002
1683	9.079886
1684	14.898373
1685	26.926962
1686	41.568996
1687	18.095829
1688	35.444965
1689	20.992794
1690	36.112835
1691	0.6075159
1692	28.238377
1693	23.205988
1694	1.8621686
1695	4.1780567
1696	39.233223
1697	31.6121
1698	19.161463
1699	54.829712
1700	28.71756
1701	43.148254
1702	30.331284
1703	5.5494313
1704	9.937134
1705	16.717155
1706	48.78876
1707	19.068056
1708	17.911266
1709	3.933255
1710	29.883135
1711	57.960114
1712	57.73729
1713	13.087844
1714	25.24327
1715	0.11100267
1716	26.680367
1717	36.880077
1718	47.434013
1719	22.59852
1720	29.345594
1721	59.460712
1722	36.71826
1723	11.061778
1724	21.963491
1725	18.950153
1726	15.145107
1727	42.30603
1728	19.964283
1729	8.128398
1730	10.402533
1731	54.929607
1732	49.857006
1733	49.162037
1734	12.6259165
1735	30.430544
1736	43.767284
1737	37.527172
1738	44.089325
1739	12.774622
1740	58.58127
1741	32.681427
1742	14.213045
1743	1.214262
1744	10.873681
1745	43.93813
1746	9.190512
1747	3.7160668
1748	25.813633
1749	37.488533
1750	47.294815
1751	30.801079
1752	2.575785
1753	43.68658
1754	8.903314
1755	6.3085585
1756	20.025167
1757	28.17687
1758	48.893597
1759	9.72368
1760	53.570568
1761	37.679226
1762	2.47328
1763	34.139168
1764	34.035995
1765	34.173637
1766	41.087868
1767	20.079063
1768	12.286995
1769	12.45154
1770	54.150127
1771	30.185654
1772	11.690061
1773	13.162715
1774	19.604776
1775	20.445833
1776	11.596105
1777	35.39828
1778	38.418648
1779	47.321312
1780	25.739277
1781	23.48215
1782	4.7239127
1783	24.958595
1784	10.733772
1785	28.864525
1786	25.605862
1787	14.468017
1788	42.757854
1789	6.394832
1790	49.35742
1791	31.801416
1792	35.177032
1793	16.467972
1794	49.69174
1795	27.597849
1796	4.2006993
1797	18.216162
1798	35.466183
1799	38.802834
1800	27.685865
1801	56.545437
1802	33.08847
1803	34.80095
1804	47.125954
1805	22.912012
1806	18.656448
1807	37.54986
1808	30.376438
1809	46.84677
1810	5.1886787
1811	54.20673
1812	5.0162396
1813	4.6557946
1814	28.607534
1815	50.002617
1816	21.148697
1817	11.237693
1818	2.9238167
1819	39.307934
1820	21.047817
1821	1.2860312
1822	28.744703
1823	18.794998
1824	4.803242
1825	3.1523433
1826	0.28980058
1827	28.904104
1828	2.5081294
1829	37.62797
1830	24.462337
1831	28.982445
1832	10.364407
1833	20.451637
1834	39.38783
1835	1.0829086
1836	10.904009
1837	7.737285
1838	24.848326
1839	54.970177
1840	10.647848
1841	31.63263
1842	23.57136
1843	27.914152
1844	23.13516
1845	42.466293
1846	35.00703
1847	57.681297
1848	39.97425
1849	20.121735
1850	10.6583185
1851	7.4175787
1852	11.44029
1853	18.149633
1854	30.1578
1855	37.734867
1856	25.369982
1857	21.401293
1858	45.714508
1859	47.21919
1860	53.496117
1861	53.22578
1862	27.228155
1863	22.135738
1864	54.986305
1865	4.5795603
1866	47.773773
1867	7.508581
1868	30.419453
1869	31.337389
1870	10.309907
1871	25.29086
1872	15.268043
1873	28.958084
1874	12.613942
1875	15.96569
1876	21.54109
1877	12.968199
1878	51.91748
1879	33.813164
1880	5.067894
1881	52.616943
1882	28.497871
1883	56.210503
1884	42.9695
1885	36.499714
1886	37.016758
1887	24.698776
1888	23.615473
1889	11.770107
1890	33.685234
1891	7.9079504
1892	57.624725
1893	14.339608
1894	27.889162
1895	23.51691
1896	35.163967
1897	0.27795127
1898	34.698307
1899	22.096947
1900	11.292608
1901	21.456919
1902	4.418796
1903	34.267834
1904	16.26066
1905	3.338409
1906	42.74707
1907	5.3824096
1908	34.310734
1909	28.887918
1910	9.140527
1911	8.400724
1912	7.1054397
1913	18.370672
1914	27.313416
1915	6.2131886
1916	36.428497
1917	24.33939
1918	28.404848
1919	3.4938607
1920	59.20637
1921	11.110594
1922	12.365802
1923	20.028135
1924	32.897346
1925	53.026302
1926	38.11199
1927	8.732666
1928	34.294926
1929	10.798006
1930	37.989494
1931	33.743473
1932	39.792408
1933	30.229797
1934	17.099985
1935	55.22161
1936	20.155472
1937	52.61751
1938	3.0324583
1939	28.827635
1940	23.174389
1941	31.58749
1942	5.564139
1943	32.977005
1944	43.17962
1945	39.973976
1946	53.822803
1947	4.4496574
1948	3.2639236
1949	59.937843
1950	0.66602564
1951	28.281355
1952	1.5154797
1953	1.8377982
1954	48.212067
1955	10.080294
1956	37.64186
1957	4.4370284
1958	3.1839302
1959	39.141106
1960	17.38393
1961	3.9048874
1962	32.26753
1963	6.021588
1964	18.150295
1965	34.10711
1966	11.484978
1967	19.488588
1968	27.277662
1969	38.733665
1970	28.777073
1971	54.219208
1972	11.150376
1973	26.611015
1974	0.018820832
1975	29.473581
1976	39.261837
1977	31.951702
1978	45.408276
1979	50.56336
1980	38.218704
1981	5.6159387
1982	58.722794
1983	11.605591
1984	37.01096
1985	4.1820264
1986	12.489636
1987	18.85891
1988	39.094707
1989	28.622478
1990	32.79427
1991	18.938816
1992	21.8346
1993	19.334454
1994	38.837955
1995	57.215454
1996	24.420013
1997	46.377167
1998	34.321022
1999	16.892004
2000	3.861757
2001	3.698903
2002	25.048038
2003	29.661102
2004	3.680458
2005	29.89903
2006	17.37513
2007	30.405521
2008	7.3952794
2009	24.829449
2010	2.7598288
2011	38.56782
2012	25.036606
2013	28.935232
2014	16.544147
2015	44.1835
2016	33.377506
2017	12.523251
2018	27.73989
2019	15.053053
2020	51.503323
2021	33.630665
2022	4.7379947
2023	56.224854
2024	29.14127
2025	8.165128
2026	6.8638563
2027	17.960663
2028	30.171923
2029	0.9885887
2030	56.700455
2031	33.3557
2032	53.576653
2033	24.756514
2034	23.441725
2035	44.49636
2036	50.25445
2037	10.673968
2038	28.475447
2039	12.61071
2040	2.0747588
2041	54.558147
2042	3.8054533
2043	38.550774
2044	51.985687
2045	11.007161
2046	10.809195
2047	4.226418
2048	22.801674
2049	3.7118597
2050	24.013363
2051	21.414173
2052	13.8855915
2053	13.521303
2054	12.451908
2055	49.332584
2056	37.631893
2057	15.039738
2058	34.84853
2059	2.897508
2060	10.047635
2061	12.301921
2062	15.4204645
2063	34.704205
2064	14.728304
2065	9.073706
2066	32.10054
2067	18.783125
2068	4.525266
2069	14.3247385
2070	53.97427
2071	29.176235
2072	10.201754
2073	48.420147
2074	49.72894
2075	31.380798
2076	10.374257
2077	40.578106
2078	33.911526
2079	50.65615
2080	6.1066437
2081	13.142982
2082	33.138245
2083	10.021467
2084	14.015462
2085	36.510048
2086	36.631126
2087	30.959824
2088	26.279486
2089	37.145355
2090	50.14299
2091	1.5341032
2092	48.534584
2093	28.311234
2094	17.607388
2095	43.338882
2096	48.89128
2097	55.16667
2098	2.3923678
2099	22.565006
2100	37.0195
2101	39.58328
2102	16.692623
2103	23.306429
2104	50.050076
2105	12.544629
2106	36.88694
2107	37.25458
2108	18.83618
2109	26.308662
2110	20.169027
2111	9.401365
2112	43.699272
2113	46.704506
2114	37.35673
2115	58.263424
2116	46.997833
2117	12.107154
2118	3.7422225
2119	7.2700534
2120	24.755646
2121	36.240826
2122	52.434578
2123	39.57766
2124	32.358185
2125	13.025735
2126	15.158388
2127	54.44607
2128	21.61893
2129	24.212349
2130	13.849521
2131	18.454954
2132	8.291275
2133	19.629179
2134	48.59485
2135	13.35719
2136	48.072807
2137	24.340956
2138	52.462864
2139	47.36608
2140	24.148954
2141	0.3491099
2142	4.1899977
2143	3.6978045
2144	4.861945
2145	28.159582
2146	6.96754
2147	20.458782
2148	10.583492
2149	19.492346
2150	53.83627
2151	21.182884
2152	48.92271
2153	42.282955
2154	2.3965485
2155	11.9483
2156	21.087297
2157	37.209087
2158	25.961447
2159	4.969311
2160	38.80661
2161	45.786613
2162	43.786312
2163	35.553513
2164	24.920847
2165	3.3541937
2166	31.208433
2167	53.017456
2168	23.861824
2169	1.7777575
2170	26.424171
2171	18.62678
2172	40.47353
2173	37.535503
2174	39.41048
2175	12.699555
2176	51.983562
2177	14.308207
2178	35.742313
2179	54.059975
2180	38.51791
2181	19.745577
2182	53.31654
2183	27.691547
2184	28.670732
2185	30.70548
2186	2.5292387
2187	7.3866086
2188	3.1758773
2189	46.262955
2190	45.453247
2191	45.189056
2192	44.727135
2193	2.0544891
2194	57.5384
2195	43.41342
2196	50.30725
2197	36.91348
2198	5.577771
2199	36.49172
2200	41.767563
2201	24.798885
2202	4.3843484
2203	37.826508
2204	30.525572
2205	1.5664728
2206	52.732033
2207	11.737756
2208	25.935202
2209	19.118706
2210	17.429193
2211	28.902245
2212	40.36491
2213	2.7452695
2214	36.205128
2215	6.812393
2216	20.89581
2217	38.11814
2218	43.200314
2219	44.85054
2220	21.709507
2221	34.11306
2222	29.48231
2223	12.6505995
2224	21.196709
2225	10.833738
2226	2.8875887
2227	50.338028
2228	15.7587595
2229	35.271866
2230	6.9897504
2231	39.28587
2232	3.0517967
2233	48.44255
2234	6.6759706
2235	7.1142235
2236	39.68244
2237	42.92539
2238	3.6087804
2239	29.366827
2240	10.797778
2241	12.618954
2242	58.702988
2243	6.4070435
2244	39.642826
2245	5.371076
2246	17.081707
2247	23.468212
2248	37.739365
2249	23.02761
2250	19.372616
2251	15.199062
2252	34.360325
2253	17.198784
2254	10.337581
2255	2.9244468
2256	3.1142375
2257	12.63654
2258	32.369026
2259	17.710974
2260	21.19738
2261	20.372566
2262	52.800434
2263	5.7622967
2264	16.404505
2265	36.75765
2266	47.254116
2267	19.406754
2268	12.650687
2269	8.653461
2270	57.512768
2271	10.221883
2272	38.81272
2273	25.0953
2274	28.49864
2275	17.965843
2276	29.139084
2277	30.34763
2278	25.53231
2279	22.737564
2280	28.900417
2281	26.212069
2282	3.5265632
2283	8.360489
2284	8.914438
2285	6.508752
2286	45.77239
2287	25.401264
2288	17.882462
2289	25.402927
2290	9.548662
2291	3.2766554
2292	34.850945
2293	17.771872
2294	30.093132
2295	33.8183
2296	35.734844
2297	0.77607965
2298	10.542918
2299	3.7693803
2300	44.43256
2301	11.175929
2302	16.626873
2303	38.06593
2304	37.95702
