0	46.376278
1	21.126825
2	3.6863313
3	28.62917
4	49.288338
5	5.8691053
6	10.93321
7	28.481472
8	34.887188
9	32.852077
10	17.015795
11	5.06152
12	9.861418
13	0.8435847
14	12.371155
15	51.72755
16	54.70929
17	40.437195
18	33.59326
19	18.846657
20	22.908325
21	30.797234
22	38.04762
23	25.458088
24	56.740097
25	39.8333
26	9.244359
27	0.7624316
28	29.562744
29	24.7462
30	41.13129
31	23.81133
32	9.108196
33	13.309162
34	35.407864
35	19.112514
36	9.293265
37	35.94617
38	30.26175
39	2.285512
40	25.919434
41	13.560526
42	37.982533
43	34.09437
44	25.39249
45	46.3267
46	28.484003
47	28.291018
48	3.0202396
49	6.1120124
50	36.766052
51	21.982485
52	39.955776
53	4.042165
54	31.378046
55	38.6837
56	28.732336
57	29.246872
58	2.771844
59	31.286766
60	51.21771
61	20.506073
62	8.763435
63	42.813587
64	5.481247
65	21.40515
66	26.372107
67	35.65056
68	19.11995
69	38.731117
70	15.290412
71	27.729498
72	31.923092
73	54.131935
74	10.325507
75	3.1630263
76	34.066246
77	0.37980303
78	17.36283
79	39.688892
80	11.132842
81	6.8679147
82	24.81149
83	9.684271
84	11.450147
85	25.57541
86	45.57882
87	31.708055
88	50.054512
89	35.99686
90	38.356613
91	0.3018554
92	0.61706626
93	31.126945
94	71.66872
95	70.34875
96	82.92883
97	78.03607
98	79.640465
99	45.388226
100	62.75302
101	85.48692
102	96.84429
103	57.400623
104	51.03335
105	68.33665
106	52.00377
107	99.190445
108	70.435555
109	84.73835
110	58.404552
111	75.12402
112	98.72073
113	60.228348
114	46.100975
115	66.766304
116	66.58983
117	57.735714
118	59.289932
119	40.546097
120	40.63821
121	73.28711
122	42.66953
123	91.68892
124	49.761337
125	58.72969
126	75.380936
127	78.71837
128	43.802216
129	54.996048
130	79.37498
131	49.94284
132	55.783966
133	45.3455
134	73.204956
135	53.943504
136	43.80943
137	74.32165
138	69.68523
139	60.305244
140	62.94483
141	50.26309
142	49.228252
143	40.055386
144	56.975266
145	79.43104
146	67.458954
147	98.1165
148	59.3262
149	85.449646
150	73.85684
151	68.56446
152	95.71144
153	79.808365
154	57.887375
155	80.46272
156	89.66766
157	46.445545
158	51.060863
159	84.316635
160	47.94196
161	69.711136
162	67.973015
163	62.737396
164	50.38138
165	58.64375
166	62.587624
167	54.5599
168	86.289505
169	87.461754
170	59.111755
171	69.26603
172	57.01504
173	74.14042
174	67.608826
175	78.8831
176	44.989677
177	79.892746
178	86.772865
179	57.009586
180	42.39503
181	90.01523
182	68.44513
183	40.454372
184	62.94214
185	70.389496
186	47.470585
187	65.816025
188	64.787766
189	48.661762
190	61.120834
191	63.292274
192	53.381943
193	84.77925
194	78.76126
195	63.208767
196	59.740654
197	82.0871
198	78.153534
199	68.20811
200	58.15599
201	41.92748
202	73.46094
203	62.997955
204	48.608418
205	50.497566
206	63.816147
207	50.409676
208	49.794525
209	62.68916
210	41.79076
211	73.14219
212	49.809196
213	78.949974
214	68.20628
215	83.13066
216	79.41391
217	79.25839
218	96.24148
219	41.002506
220	94.88347
221	45.745934
222	95.56592
223	62.41875
224	59.465717
225	78.26186
226	90.24596
227	48.084126
228	96.366135
229	58.571716
230	44.159172
231	45.54356
232	92.23928
233	45.046017
234	79.78586
235	61.39801
236	87.18855
237	90.35409
238	40.060917
239	63.377052
240	49.799156
241	64.74775
242	42.544834
243	91.780106
244	64.65691
245	78.81239
246	94.71207
247	55.11402
248	72.75683
249	81.27516
250	55.731445
251	52.471416
252	67.9305
253	71.25026
254	61.376717
255	91.02
256	52.69006
257	98.47388
258	75.76836
259	12.4795885
260	8.599495
261	10.116282
262	31.548834
263	16.19288
264	49.319717
265	8.163104
266	1.2394522
267	26.360193
268	29.210798
269	17.373646
270	5.1343956
271	6.4937153
272	23.85616
273	21.420362
274	46.727623
275	26.399916
276	54.551746
277	34.27523
278	23.501572
279	41.66199
280	26.86693
281	20.098877
282	26.523876
283	48.853725
284	0.40775096
285	37.63621
286	50.298244
287	28.018204
288	56.057533
289	47.696167
290	3.161021
291	4.2614
292	46.451935
293	44.790756
294	13.229124
295	16.081343
296	21.79065
297	19.825552
298	36.496895
299	51.65149
300	9.733524
301	41.957985
302	14.845879
303	19.852062
304	52.182926
305	59.25086
306	12.830219
307	38.338707
308	31.427681
309	50.074146
310	50.6596
311	42.32041
312	55.57043
313	1.4269823
314	15.8015375
315	2.7185209
316	29.188223
317	7.611799
318	6.6313457
319	2.1432369
320	13.14825
321	21.334726
322	40.03852
323	14.079266
324	32.439533
325	4.6789217
326	54.891182
327	16.014727
328	14.175204
329	47.620846
330	1.2671278
331	55.34138
332	18.738571
333	34.012753
334	54.68038
335	7.5990877
336	13.307767
337	34.80461
338	29.65166
339	50.52426
340	18.37082
341	43.278893
342	32.133022
343	25.218409
344	6.752752
345	18.64977
346	33.833927
347	28.032906
348	36.09307
349	9.53917
350	39.301712
351	7.5026345
352	54.4377
353	25.941135
354	9.361144
355	2.1788085
356	13.202158
357	21.03525
358	21.655611
359	8.557958
360	16.697754
361	29.242575
362	54.947647
363	37.036827
364	42.202087
365	3.33059
366	31.614124
367	34.763626
368	7.3016634
369	17.68617
370	33.136593
371	9.842013
372	12.632469
373	52.350754
374	53.3251
375	14.704297
376	16.663218
377	32.92608
378	59.390194
379	32.347855
380	26.965115
381	15.037151
382	23.042177
383	39.288635
384	19.309483
385	38.10735
386	47.58612
387	18.397223
388	53.04893
389	46.72815
390	23.808073
391	1.0902798
392	7.7732377
393	10.954209
394	2.8498054
395	0.2409795
396	0.97718155
397	49.465885
398	20.368935
399	44.35533
400	33.537197
401	38.646057
402	31.281353
403	28.561234
404	34.79375
405	35.618137
406	19.382774
407	2.9571466
408	4.0363216
409	28.292128
410	51.146343
411	43.867252
412	10.187812
413	10.465613
414	47.993095
415	58.55001
416	56.485336
417	5.0265746
418	16.332249
419	38.90693
420	1.9541769
421	43.304855
422	28.341785
423	32.471245
424	29.971563
425	32.400658
426	8.860865
427	56.45526
428	46.966423
429	13.726091
430	21.151178
431	33.837353
432	24.056889
433	9.707233
434	38.43581
435	3.5222611
436	17.001083
437	18.869432
438	11.217526
439	7.6186676
440	21.86971
441	54.248135
442	13.247042
443	17.100437
444	22.84922
445	9.434919
446	37.244144
447	41.84401
448	38.303436
449	39.13101
450	58.940334
451	54.658096
452	42.452873
453	54.807602
454	33.694862
455	51.239967
456	37.357235
457	46.592373
458	32.95881
459	33.265865
460	34.836796
461	13.327635
462	28.493961
463	30.309193
464	42.10057
465	0.8099176
466	36.000153
467	21.692362
468	25.018917
469	11.282801
470	9.761866
471	32.260067
472	39.22892
473	1.317354
474	51.53875
475	13.373555
476	12.118493
477	36.417316
478	56.40864
479	25.737312
480	28.93651
481	13.300423
482	50.172222
483	37.635372
484	6.450217
485	4.0653915
486	24.890833
487	16.004766
488	32.0974
489	10.024271
490	6.3619227
491	50.59011
492	1.3120043
493	41.772667
494	29.880945
495	5.204334
496	36.399593
497	44.86235
498	36.9967
499	22.989008
500	59.500305
501	7.4917994
502	46.98337
503	31.240042
504	22.223204
505	3.5914047
506	9.021165
507	34.39856
508	39.980824
509	0.923254
510	26.137882
511	7.6795015
512	0.19856904
513	16.879992
514	55.86123
515	29.411259
516	48.06519
517	1.5966668
518	23.564522
519	1.0790035
520	25.037819
521	3.4782696
522	41.131718
523	18.838598
524	57.643196
525	0.49264738
526	53.130493
527	1.5891149
528	8.5260105
529	51.008537
530	39.176807
531	25.90322
532	14.89268
533	25.513144
534	22.573196
535	37.04802
536	53.161446
537	1.4142959
538	24.193434
539	26.84728
540	28.050993
541	19.835693
542	38.967693
543	33.16589
544	26.479397
545	33.844223
546	54.76375
547	12.770146
548	24.39891
549	22.333708
550	11.526125
551	16.914997
552	8.071194
553	39.199398
554	32.226578
555	57.232166
556	10.291328
557	33.472797
558	46.49564
559	28.340618
560	6.6980352
561	52.74654
562	32.746365
563	13.073536
564	7.5612335
565	29.504185
566	25.167902
567	56.31365
568	52.3125
569	23.692175
570	16.821558
571	50.52631
572	41.379055
573	58.244007
574	6.1544313
575	17.185684
576	39.88867
577	26.257683
578	16.360107
579	21.006432
580	45.571095
581	26.889091
582	21.0142
583	42.83611
584	25.891235
585	40.36331
586	16.910833
587	36.1403
588	11.944958
589	52.474495
590	49.22298
591	7.289871
592	32.8218
593	4.523931
594	39.33227
595	12.1370535
596	23.238203
597	28.097937
598	14.934246
599	5.8725257
600	23.653511
601	21.884188
602	13.597346
603	54.633667
604	38.79319
605	35.48521
606	17.00007
607	6.6687183
608	9.494624
609	25.258797
610	48.776653
611	10.5233
612	24.917074
613	4.1537614
614	1.0304095
615	31.875853
616	14.598827
617	54.481995
618	12.3279295
619	15.433759
620	47.911003
621	0.16557789
622	23.36605
623	3.712015
624	32.148815
625	3.2203069
626	25.507612
627	37.00362
628	7.697043
629	25.544985
630	16.420637
631	17.933474
632	42.505905
633	19.677933
634	8.763972
635	7.1811266
636	14.893395
637	25.935562
638	59.62023
639	53.462585
640	19.554996
641	36.54045
642	34.405067
643	29.428148
644	6.353523
645	20.745487
646	27.991203
647	6.380891
648	25.108444
649	9.261585
650	58.409973
651	28.603067
652	9.263461
653	38.1087
654	31.56327
655	35.478813
656	10.906013
657	50.924423
658	26.857
659	43.252686
660	47.648888
661	12.6297655
662	12.748373
663	11.718408
664	18.504385
665	6.1180997
666	26.356863
667	45.353634
668	10.849181
669	37.824314
670	30.607162
671	16.058828
672	46.65128
673	27.257992
674	19.731285
675	4.0935636
676	36.695892
677	51.699654
678	3.4605994
679	59.587044
680	46.92529
681	23.96057
682	6.811208
683	29.320744
684	36.55681
685	34.78783
686	3.669141
687	17.11508
688	30.61926
689	10.987447
690	11.657081
691	10.373913
692	45.775604
693	10.169388
694	56.261726
695	3.1926436
696	50.428528
697	27.178667
698	14.64237
699	23.408562
700	7.8595734
701	10.774225
702	14.0285015
703	38.16611
704	29.426878
705	30.619192
706	25.723946
707	9.888964
708	12.113884
709	44.698936
710	8.3120165
711	30.43285
712	56.498917
713	1.815009
714	54.07638
715	37.950665
716	6.210201
717	4.9624
718	30.750704
719	36.56195
720	22.081255
721	45.77518
722	46.563396
723	13.038341
724	47.654186
725	6.1667514
726	50.90791
727	38.23519
728	10.694613
729	9.987569
730	34.63819
731	16.609861
732	36.876007
733	4.964677
734	5.9616714
735	29.920988
736	0.103474595
737	50.195503
738	21.344187
739	29.361305
740	45.659077
741	28.872921
742	16.1308
743	10.635548
744	14.070149
745	31.519749
746	8.387794
747	1.8287976
748	1.6032865
749	13.468588
750	29.277803
751	37.88902
752	0.46923226
753	53.689182
754	31.45607
755	18.04886
756	58.34595
757	26.218813
758	42.68538
759	45.648903
760	24.912846
761	30.015911
762	17.800447
763	21.248806
764	39.044163
765	12.419849
766	55.02782
767	28.313808
768	10.196056
769	22.12669
770	24.522848
771	3.7597334
772	9.1010475
773	58.93732
774	24.723577
775	21.21045
776	13.1267805
777	28.174873
778	7.3529754
779	35.665794
780	24.43664
781	3.5530672
782	12.532347
783	56.731903
784	18.235031
785	7.6524577
786	20.361925
787	10.0879755
788	14.279373
789	39.51746
790	32.816715
791	30.095312
792	27.254835
793	3.1883423
794	52.998898
795	7.476742
796	0.18605421
797	18.444244
798	15.539918
799	2.539405
800	7.0996575
801	17.78563
802	14.78417
803	56.18895
804	6.6788764
805	41.603832
806	34.82455
807	13.04129
808	6.7485313
809	57.002964
810	30.57976
811	36.8215
812	27.714218
813	14.680134
814	18.515594
815	31.083118
816	5.0701494
817	34.180786
818	25.607336
819	37.37874
820	6.1265326
821	37.03531
822	31.545868
823	43.182045
824	0.17426105
825	29.715675
826	37.603798
827	4.56695
828	41.991932
829	23.148338
830	6.3405147
831	38.733147
832	25.153837
833	42.41369
834	50.41998
835	48.301647
836	4.4048104
837	10.959558
838	38.40902
839	23.212055
840	45.246292
841	9.353884
842	15.229447
843	28.52016
844	33.37642
845	53.8459
846	29.767218
847	34.197605
848	9.037236
849	49.61983
850	10.07332
851	54.92682
852	39.590378
853	31.618507
854	30.224787
855	32.85931
856	37.21504
857	3.7872581
858	10.091485
859	39.182518
860	18.328928
861	47.005684
862	28.832922
863	4.4866905
864	0.5739516
865	47.600876
866	57.318886
867	23.433836
868	34.4665
869	2.235968
870	2.4916084
871	45.73544
872	12.342269
873	12.687218
874	44.104046
875	56.595837
876	1.6327515
877	40.050335
878	8.796746
879	31.756496
880	7.896748
881	39.63601
882	14.0867195
883	33.086258
884	58.292408
885	19.985435
886	18.574394
887	32.56743
888	33.599743
889	6.741841
890	20.370653
891	13.727743
892	46.476192
893	24.845749
894	5.975513
895	58.651234
896	28.40709
897	20.331808
898	10.566823
899	2.6085165
900	57.27751
901	17.860655
902	36.969986
903	5.7460537
904	2.986805
905	59.615334
906	39.656242
907	25.921223
908	36.008778
909	1.8575858
910	3.3824294
911	1.2009335
912	23.58234
913	56.605244
914	31.215937
915	35.530735
916	49.869225
917	9.539589
918	32.49954
919	23.371077
920	1.9796845
921	28.871836
922	25.339031
923	8.963185
924	35.694878
925	34.4193
926	25.622875
927	21.085901
928	39.285946
929	12.712595
930	9.80582
931	14.990505
932	28.661842
933	2.4195266
934	30.325113
935	13.593018
936	49.751465
937	49.81802
938	36.574623
939	3.1662261
940	32.36892
941	45.20381
942	50.34864
943	69.218575
944	77.31151
945	84.50409
946	90.3022
947	71.49156
948	79.97219
949	93.02261
950	56.75288
951	95.26976
952	50.089325
953	77.44439
954	40.695362
955	75.87811
956	74.15465
957	82.832
958	73.0018
959	98.78671
960	51.618473
961	55.929367
962	44.506218
963	54.710056
964	75.43384
965	52.39024
966	64.893036
967	99.794075
968	74.472496
969	45.183556
970	84.49351
971	60.433784
972	77.735214
973	69.57977
974	56.43519
975	73.85797
976	62.55478
977	69.37685
978	45.39265
979	49.361504
980	88.61196
981	50.907455
982	91.02659
983	65.03873
984	93.42961
985	78.8878
986	44.60591
987	73.23836
988	45.60167
989	64.08178
990	58.570072
991	42.905357
992	46.876602
993	84.10168
994	93.216995
995	48.37979
996	96.13185
997	47.4164
998	66.463356
999	51.808155
1000	65.99421
1001	68.51198
1002	53.480885
1003	58.262985
1004	45.044968
1005	91.47461
1006	43.23568
1007	69.20004
1008	84.15135
1009	78.02912
1010	57.249786
1011	41.28174
1012	55.640575
1013	78.32431
1014	73.803375
1015	66.876076
1016	98.19313
1017	55.198376
1018	47.768585
1019	70.294266
1020	55.11708
1021	60.723785
1022	78.7071
1023	59.8262
1024	76.92661
1025	54.433147
1026	50.701347
1027	72.31589
1028	73.915596
1029	65.480446
1030	48.618088
1031	60.933006
1032	56.719025
1033	58.23117
1034	79.01485
1035	62.334305
1036	50.196594
1037	71.54716
1038	69.09271
1039	59.063766
1040	71.54419
1041	94.43412
1042	90.9269
1043	70.25283
1044	57.50921
1045	71.81145
1046	79.88748
1047	43.837723
1048	64.91744
1049	79.193695
1050	50.866165
1051	49.11783
1052	72.875275
1053	63.59422
1054	63.022293
1055	75.365295
1056	75.09137
1057	98.06303
1058	77.27289
1059	55.74384
1060	73.45447
1061	88.47045
1062	98.329445
1063	49.712875
1064	47.2361
1065	57.275677
1066	82.769775
1067	84.046814
1068	77.39483
1069	53.25718
1070	45.699677
1071	81.56407
1072	93.08155
1073	82.70139
1074	44.573345
1075	84.953354
1076	64.56928
1077	60.666904
1078	40.773727
1079	72.70189
1080	72.77746
1081	44.452602
1082	45.50199
1083	61.913254
1084	83.34564
1085	71.81239
1086	62.7677
1087	79.36911
1088	63.42013
1089	75.16902
1090	57.751442
1091	80.77463
1092	41.050774
1093	55.03808
1094	65.76875
1095	81.0553
1096	81.05613
1097	50.97815
1098	89.02345
1099	61.491615
1100	99.28133
1101	75.980896
1102	71.71738
1103	64.88882
1104	80.864555
1105	48.437355
1106	53.087463
1107	86.01351
1108	67.44429
1109	64.664444
1110	72.57002
1111	51.189503
1112	53.181114
1113	64.44847
1114	61.54589
1115	58.230186
1116	80.03401
1117	92.159744
1118	41.999138
1119	80.41107
1120	78.969696
1121	79.14951
1122	86.04201
1123	93.08499
1124	75.00075
1125	77.99062
1126	74.78335
1127	68.26521
1128	62.033752
1129	62.252274
1130	61.816406
1131	78.29521
1132	52.35806
1133	46.57573
1134	78.83004
1135	60.9596
1136	91.49157
1137	52.279606
1138	43.26749
1139	51.37952
1140	70.97212
1141	61.29894
1142	98.61121
1143	54.006996
1144	70.43228
1145	70.08965
1146	41.063408
1147	44.737167
1148	79.48172
1149	98.0029
1150	43.208126
1151	67.84065
1152	52.926163
1153	49.559155
1154	83.87346
1155	50.242428
1156	44.06423
1157	93.20979
1158	68.76597
1159	76.46444
1160	76.83626
1161	46.50012
1162	62.31104
1163	82.86958
1164	52.33442
1165	60.693623
1166	97.29782
1167	51.613327
1168	65.19087
1169	96.83196
1170	77.79975
1171	90.35423
1172	70.11428
1173	74.16229
1174	67.29263
1175	58.956257
1176	64.75652
1177	63.760185
1178	61.43051
1179	63.178753
1180	73.45309
1181	45.40851
1182	76.01918
1183	55.282825
1184	60.24415
1185	73.1465
1186	40.705814
1187	58.53254
1188	70.92474
1189	85.39041
1190	74.68924
1191	89.680466
1192	45.208958
1193	58.462708
1194	49.85231
1195	54.73142
1196	81.74242
1197	71.48813
1198	70.990616
1199	50.916336
1200	71.58708
1201	77.40227
1202	71.58272
1203	63.831455
1204	50.734566
1205	67.77116
1206	64.47026
1207	71.82878
1208	46.891933
1209	64.971725
1210	52.432705
1211	48.53427
1212	67.361046
1213	41.963142
1214	53.07115
1215	64.31945
1216	95.28743
1217	53.726727
1218	42.044968
1219	49.21255
1220	51.496117
1221	68.925026
1222	93.95865
1223	52.0202
1224	44.69822
1225	75.42792
1226	61.07528
1227	53.340927
1228	74.04352
1229	99.076675
1230	96.536995
1231	83.68701
1232	64.810616
1233	41.40416
1234	60.901512
1235	62.09114
1236	50.46781
1237	69.002396
1238	88.55793
1239	65.35971
1240	62.40393
1241	74.826065
1242	73.963806
1243	83.54463
1244	61.739166
1245	79.04527
1246	67.556625
1247	49.388844
1248	48.27377
1249	47.72903
1250	96.6886
1251	77.76071
1252	46.290127
1253	43.947704
1254	77.89654
1255	63.78544
1256	73.94724
1257	66.20531
1258	93.68631
1259	41.66393
1260	68.63086
1261	51.424145
1262	99.98101
1263	67.451706
1264	46.47868
1265	41.682922
1266	76.2328
1267	52.002808
1268	78.0397
1269	82.31107
1270	97.565704
1271	60.652252
1272	64.7826
1273	57.515762
1274	45.381603
1275	91.70276
1276	77.48815
1277	65.93643
1278	67.86741
1279	67.339516
1280	54.980846
1281	71.9461
1282	90.99548
1283	61.808395
1284	44.03682
1285	51.802425
1286	40.035263
1287	60.329155
1288	73.40835
1289	95.28148
1290	60.379448
1291	88.50807
1292	99.08531
1293	65.58483
1294	76.41321
1295	41.681286
1296	48.399242
1297	42.34459
1298	93.39672
1299	94.08269
1300	59.0466
1301	45.329502
1302	51.854675
1303	51.61396
1304	90.29494
1305	49.720245
1306	43.44898
1307	62.0617
1308	49.69919
1309	51.369034
1310	41.671925
1311	51.89902
1312	72.54376
1313	74.30112
1314	98.35635
1315	52.446148
1316	54.60386
1317	58.670986
1318	85.14462
1319	78.92938
1320	72.110916
1321	56.55499
1322	96.47441
1323	87.46254
1324	72.06172
1325	85.37373
1326	93.15456
1327	67.861046
1328	40.323612
1329	47.91522
1330	40.727535
1331	41.218227
1332	79.228714
1333	49.041534
1334	67.19047
1335	42.141357
1336	87.44678
1337	63.6928
1338	65.21261
1339	91.00923
1340	68.6481
1341	65.36631
1342	88.099686
1343	45.150497
1344	45.783237
1345	69.56581
1346	75.63607
1347	75.29875
1348	75.15344
1349	93.54535
1350	40.18866
1351	52.591404
1352	70.91796
1353	50.848858
1354	62.555244
1355	91.354904
1356	98.83977
1357	53.425217
1358	76.19797
1359	40.491158
1360	71.42851
1361	46.802834
1362	75.71859
1363	74.1185
1364	68.023315
1365	75.01068
1366	58.673443
1367	55.012936
1368	58.874153
1369	75.49758
1370	44.257774
1371	91.289536
1372	59.434692
1373	72.38243
1374	75.587845
1375	70.929405
1376	49.952923
1377	80.69025
1378	56.770046
1379	74.650955
1380	55.244522
1381	53.837025
1382	76.84001
1383	41.849884
1384	94.47482
1385	66.07335
1386	99.66217
1387	71.075165
1388	55.95198
1389	74.91771
1390	74.88475
1391	45.141586
1392	68.45417
1393	66.318375
1394	78.798035
1395	71.32061
1396	50.812767
1397	82.673584
1398	51.24505
1399	85.19792
1400	43.49566
1401	76.09354
1402	41.129295
1403	70.94254
1404	75.487144
1405	53.916534
1406	69.72429
1407	55.67366
1408	59.233513
1409	53.74548
1410	48.274727
1411	76.17764
1412	66.52123
1413	41.149822
1414	99.19116
1415	53.404797
1416	47.83841
1417	72.019875
1418	67.2608
1419	64.93669
1420	50.68079
1421	55.99635
1422	76.666985
1423	77.77078
1424	84.50699
1425	64.477234
1426	71.13864
1427	64.87587
1428	42.742527
1429	70.04422
1430	80.60364
1431	53.42787
1432	72.969765
1433	97.888565
1434	82.875885
1435	79.57138
1436	80.63833
1437	80.278984
1438	74.2422
1439	78.803055
1440	45.84426
1441	75.0744
1442	56.391357
1443	57.590675
1444	46.44239
1445	83.62382
1446	62.66226
1447	96.76406
1448	59.102158
1449	81.870056
1450	40.236877
1451	99.80916
1452	50.71766
1453	60.256744
1454	63.83445
1455	89.48218
1456	83.28366
1457	56.049095
1458	75.059204
1459	73.0269
1460	65.890564
1461	41.11489
1462	80.17006
1463	62.59222
1464	70.78246
1465	42.75453
1466	45.490837
1467	66.23749
1468	66.345825
1469	90.87113
1470	77.80989
1471	71.701324
1472	46.825813
1473	87.086815
1474	65.082054
1475	99.927246
1476	95.1206
1477	61.237926
1478	58.201096
1479	79.97073
1480	96.541306
1481	72.4557
1482	62.603477
1483	75.02145
1484	70.36147
1485	45.099823
1486	76.66137
1487	51.374573
1488	63.255466
1489	62.19775
1490	69.188705
1491	77.614815
1492	58.35565
1493	75.69801
1494	52.606556
1495	46.13372
1496	78.08337
1497	78.54161
1498	57.534477
1499	52.10713
1500	59.75544
1501	81.88207
1502	72.9918
1503	68.779655
1504	53.02746
1505	80.0531
1506	71.123
1507	87.38949
1508	74.542076
1509	42.967316
1510	83.386795
1511	47.553413
1512	62.573692
1513	93.271385
1514	55.74894
1515	65.52269
1516	71.04408
1517	96.51261
1518	76.40465
1519	66.79559
1520	76.80414
1521	41.30009
1522	81.22775
1523	91.39536
1524	53.815613
1525	70.08537
1526	47.468285
1527	65.10846
1528	75.61547
1529	50.14439
1530	48.589615
1531	59.816803
1532	70.01649
1533	52.390472
1534	64.207886
1535	74.6738
1536	48.850742
1537	62.557526
1538	46.948166
1539	57.762875
1540	51.29503
1541	97.90091
1542	90.58629
1543	76.90116
1544	52.316315
1545	49.89187
1546	47.72195
1547	56.20367
1548	82.85378
1549	59.63894
1550	69.93753
1551	82.889885
1552	78.8925
1553	65.273926
1554	71.5309
1555	60.388374
1556	77.069885
1557	75.91403
1558	63.75029
1559	90.44363
1560	60.168114
1561	61.961224
1562	81.10577
1563	84.56369
1564	58.96312
1565	74.964584
1566	70.06122
1567	61.10401
1568	76.559616
1569	55.87951
1570	92.523476
1571	66.06359
1572	43.90761
1573	48.53427
1574	41.35269
1575	43.9812
1576	70.3902
1577	69.40467
1578	56.516724
1579	40.024063
1580	97.08775
1581	59.523834
1582	81.50313
1583	41.814117
1584	46.412636
1585	63.200573
1586	70.343315
1587	40.641434
1588	60.18696
1589	57.488808
1590	54.396538
1591	55.68802
1592	82.59445
1593	82.99396
1594	74.660446
1595	69.212585
1596	93.65534
1597	52.367126
1598	61.856083
1599	93.93338
1600	52.249153
1601	88.702675
1602	88.16269
1603	54.057514
1604	47.88106
1605	44.56965
1606	69.07875
1607	55.60659
1608	95.45517
1609	44.218903
1610	45.45523
1611	46.53459
1612	97.51167
1613	43.372505
1614	60.629158
1615	79.96503
1616	95.26657
1617	52.74193
1618	58.56588
1619	75.228485
1620	40.248173
1621	45.450108
1622	69.16928
1623	64.88901
1624	79.14023
1625	87.02294
1626	61.881508
1627	40.35705
1628	59.93472
1629	49.831154
1630	51.8005
1631	46.615925
1632	57.437244
1633	48.593006
1634	89.81203
1635	52.002758
1636	63.753494
1637	91.597565
1638	79.182755
1639	72.41582
1640	96.63568
1641	53.775734
1642	79.82907
1643	71.83678
1644	43.57361
1645	47.546474
1646	79.57716
1647	74.60339
1648	66.505394
1649	46.59545
1650	30.835817
1651	39.91875
1652	15.2198
1653	19.773008
1654	21.006529
1655	58.344597
1656	57.53015
1657	13.97655
1658	1.9500301
1659	29.178383
1660	2.120678
1661	24.294582
1662	7.901755
1663	58.865868
1664	35.837044
1665	25.443548
1666	26.99662
1667	0.07511103
1668	15.2180195
1669	15.936746
1670	8.015485
1671	17.643557
1672	15.544354
1673	52.491367
1674	25.604536
1675	16.495796
1676	10.69407
1677	5.3962564
1678	35.29385
1679	20.51836
1680	37.824303
1681	36.865
1682	23.380213
1683	5.5594816
1684	48.712814
1685	36.299236
1686	16.650875
1687	28.388954
1688	12.25029
1689	11.206888
1690	7.434179
1691	16.61846
1692	34.733288
1693	56.88631
1694	23.959057
1695	2.0361967
1696	8.239452
1697	0.4231528
1698	17.820208
1699	5.4027095
1700	51.381905
1701	19.54684
1702	5.3458824
1703	25.754755
1704	51.73964
1705	1.8935581
1706	44.665115
1707	52.264122
1708	24.260807
1709	35.222603
1710	10.688489
1711	4.3891525
1712	12.513224
1713	3.8983064
1714	19.970499
1715	32.544052
1716	23.711866
1717	17.139256
1718	33.239624
1719	32.625805
1720	53.92975
1721	6.78888
1722	16.360899
1723	7.3686037
1724	45.79758
1725	0.6805715
1726	34.06495
1727	22.715006
1728	54.586166
1729	42.5667
1730	28.699694
1731	10.531241
1732	39.64641
1733	9.179718
1734	20.811136
1735	36.97113
1736	54.84668
1737	17.078766
1738	38.775085
1739	25.320309
1740	33.829746
1741	1.0267583
1742	9.583585
1743	5.9910827
1744	57.943905
1745	30.201298
1746	32.81413
1747	9.261854
1748	59.43535
1749	4.0930066
1750	33.41379
1751	21.550362
1752	5.4356804
1753	8.57546
1754	24.579609
1755	13.345964
1756	3.2978363
1757	1.8898909
1758	3.0410478
1759	24.087486
1760	28.7028
1761	25.494719
1762	45.30827
1763	37.875614
1764	46.285103
1765	17.4386
1766	47.5429
1767	22.742323
1768	39.936394
1769	35.01808
1770	33.280724
1771	55.638596
1772	52.615604
1773	57.413513
1774	24.947136
1775	7.908525
1776	21.710058
1777	18.053782
1778	20.762104
1779	6.50983
1780	4.5209017
1781	13.299616
1782	50.254486
1783	10.368276
1784	23.757555
1785	23.007576
1786	32.72029
1787	40.142593
1788	37.13878
1789	54.375793
1790	30.218725
1791	0.9907613
1792	2.1282663
1793	37.236378
1794	14.336234
1795	44.14114
1796	16.45031
1797	34.38166
1798	28.286018
1799	8.052822
1800	30.85268
1801	14.645524
1802	30.758892
1803	5.139304
1804	20.548656
1805	38.23084
1806	45.63996
1807	16.619705
1808	35.61356
1809	32.65582
1810	30.914846
1811	47.62513
1812	40.967594
1813	11.388291
1814	14.476209
1815	56.023647
1816	26.958357
1817	34.844563
1818	52.666573
1819	27.387499
1820	47.75858
1821	10.169962
1822	4.798745
1823	53.427723
1824	51.270695
1825	13.82579
1826	56.753822
1827	52.297794
1828	24.76403
1829	14.70363
1830	15.9817705
1831	30.905308
1832	19.688013
1833	55.14614
1834	39.701496
1835	7.2785964
1836	29.958286
1837	20.421207
1838	3.0972214
1839	12.409996
1840	19.020718
1841	39.09287
1842	29.500841
1843	56.30845
1844	47.933372
1845	26.56032
1846	28.0079
1847	36.012184
1848	9.933696
1849	22.138458
1850	34.371677
1851	47.992096
1852	25.503859
1853	28.849253
1854	5.2262516
1855	25.273703
1856	17.51507
1857	12.848383
1858	14.1814165
1859	19.291208
1860	54.577335
1861	32.01935
1862	25.815584
1863	9.150534
1864	3.041412
1865	37.877666
1866	56.22782
1867	43.288513
1868	34.03639
1869	54.03115
1870	51.193924
1871	51.376694
1872	22.80653
1873	57.37979
1874	21.332201
1875	47.242718
1876	54.053062
1877	4.3980703
1878	9.117665
1879	3.6541529
1880	21.3212
1881	3.4645376
1882	51.130165
1883	35.22803
1884	10.66375
1885	28.296228
1886	47.739784
1887	18.803715
1888	59.06737
1889	48.728046
1890	15.124
1891	41.604637
1892	36.76056
1893	28.19187
1894	32.42515
1895	21.416803
1896	34.432045
1897	17.104786
1898	17.640999
1899	34.032787
1900	41.05104
1901	26.325731
1902	57.42208
1903	31.788916
1904	51.590977
1905	38.168243
1906	29.128977
1907	59.26971
1908	0.6593587
1909	11.516918
1910	10.175591
1911	41.988365
1912	2.0750852
1913	15.4157505
1914	17.594376
1915	13.399872
1916	41.233723
1917	9.118284
1918	21.49118
1919	42.095768
1920	15.964856
1921	37.463585
1922	11.778689
1923	19.943562
1924	28.630087
1925	30.722311
1926	10.03497
1927	26.295126
1928	20.787224
1929	49.95976
1930	25.465908
1931	28.408312
1932	44.014996
1933	3.811799
1934	25.986876
1935	23.662333
1936	14.982144
1937	30.266937
1938	49.134743
1939	5.790746
1940	22.182804
1941	1.8076963
1942	51.73108
1943	9.272902
1944	12.248228
1945	54.55579
1946	22.932741
1947	49.03074
1948	43.065735
1949	3.3516798
1950	28.441893
1951	32.648205
1952	38.625923
1953	25.924349
1954	51.188957
1955	37.287964
1956	52.368797
1957	28.269386
1958	10.396875
1959	4.375019
1960	19.196838
1961	22.170006
1962	12.94115
1963	31.894167
1964	45.347557
1965	56.123066
1966	15.102377
1967	36.490314
1968	18.010048
1969	25.702644
1970	12.113316
1971	14.329541
1972	14.689757
1973	9.290686
1974	27.15917
1975	52.78079
1976	55.44027
1977	26.56287
1978	39.174057
1979	7.1274343
1980	23.485123
1981	42.15634
1982	21.581064
1983	34.469666
1984	15.724984
1985	42.321903
1986	26.511898
1987	29.775072
1988	30.558575
1989	34.44781
1990	13.881142
1991	22.876026
1992	47.33876
1993	22.072285
1994	39.956093
1995	40.015263
1996	11.976258
1997	22.86637
1998	33.380917
1999	59.933548
2000	44.02441
2001	9.999762
2002	51.313908
2003	4.606346
2004	50.52773
2005	35.67562
2006	3.268336
2007	26.708954
2008	40.09483
2009	43.80646
2010	16.144157
2011	24.96495
2012	35.737072
2013	28.188974
2014	30.57304
2015	26.635067
2016	25.427786
2017	25.67507
2018	31.73017
2019	11.7489805
2020	2.1780875
2021	19.884901
2022	5.2687297
2023	29.709644
2024	49.146862
2025	15.027613
2026	24.116226
2027	21.67423
2028	57.47555
2029	52.354416
2030	23.032108
2031	35.555172
2032	17.0732
2033	22.21372
2034	12.2739105
2035	46.35271
2036	25.506994
2037	12.698146
2038	37.938534
2039	0.8220894
2040	33.612354
2041	44.000484
2042	19.976118
2043	42.10476
2044	57.69272
2045	33.34865
2046	28.51063
2047	23.478533
2048	26.939777
2049	55.155582
2050	17.827011
2051	53.813503
2052	17.647923
2053	49.18537
2054	12.429507
2055	3.9785857
2056	39.690674
2057	42.836926
2058	35.635403
2059	5.7639155
2060	2.0559325
2061	50.591854
2062	20.001017
2063	38.865997
2064	49.23697
2065	18.67358
2066	43.876873
2067	6.4824805
2068	45.27596
2069	7.964496
2070	23.38886
2071	5.0634103
2072	27.25703
2073	33.228046
2074	14.142355
2075	18.765871
2076	55.04561
2077	41.68263
2078	1.9460288
2079	54.15886
2080	49.07099
2081	18.974163
2082	26.852394
2083	35.725277
2084	32.94902
2085	35.59423
2086	22.544207
2087	28.832195
2088	14.409802
2089	9.192474
2090	27.090086
2091	33.316925
2092	32.80353
2093	18.729246
2094	11.001056
2095	55.016705
2096	30.741062
2097	57.654247
2098	21.345804
2099	38.466618
2100	46.631477
2101	10.100886
2102	58.25827
2103	46.823193
2104	58.37557
2105	53.270042
2106	39.31218
2107	23.761995
2108	56.75356
2109	33.701992
2110	30.21866
2111	49.3703
2112	26.990242
2113	20.211843
2114	12.076513
2115	21.939266
2116	45.832294
2117	26.018305
2118	7.423947
2119	7.931197
2120	6.7497544
2121	52.11301
2122	37.83759
2123	34.05344
2124	6.5269003
2125	2.0292535
2126	14.402151
2127	42.280346
2128	39.480064
2129	52.16481
2130	2.0631208
2131	5.926264
2132	21.456945
2133	17.179285
2134	15.909401
2135	21.066395
2136	34.16428
2137	17.262764
2138	52.432755
2139	12.602465
2140	45.370777
2141	39.072678
2142	3.8109202
2143	39.270023
2144	5.532145
2145	27.135761
2146	8.261297
2147	46.884277
2148	6.3851438
2149	27.511982
2150	14.5120535
2151	24.121319
2152	12.057473
2153	10.517298
2154	23.43755
2155	20.131628
2156	58.24044
2157	38.572277
2158	17.036047
2159	5.552282
2160	43.969833
2161	35.798267
2162	22.910122
2163	37.00838
2164	28.84234
2165	38.76591
2166	14.588029
2167	1.1132382
2168	33.846363
2169	22.761467
2170	13.72217
2171	0.18519798
2172	38.50741
2173	30.980684
2174	23.299437
2175	51.369587
2176	17.23093
2177	8.609456
2178	21.652563
2179	34.32592
2180	38.55109
2181	44.410545
2182	18.801805
2183	45.132153
2184	18.54581
2185	13.488324
2186	35.048847
2187	2.5778272
2188	20.839983
2189	39.90333
2190	6.7447295
2191	38.01806
2192	20.618633
2193	20.432226
2194	3.7857225
2195	5.540959
2196	8.77211
2197	43.672516
2198	12.979644
2199	16.828295
2200	42.26455
2201	34.912952
2202	29.9015
2203	31.367546
2204	44.63362
2205	42.084747
2206	57.21427
2207	25.237432
2208	41.792515
2209	21.936935
2210	52.96686
2211	9.297608
2212	3.1795254
2213	18.519302
2214	28.346136
2215	21.00964
2216	12.213352
2217	25.353115
2218	21.909723
2219	17.094145
2220	28.502552
2221	31.836418
2222	27.096348
2223	40.071003
2224	34.754158
2225	19.955004
2226	33.680992
2227	8.3898535
2228	13.526998
2229	9.069375
2230	23.772486
2231	29.484379
2232	45.162014
2233	34.015182
2234	38.98388
2235	7.1870527
2236	46.911205
2237	2.1720078
2238	23.103289
2239	25.815687
2240	15.51966
2241	11.409383
2242	23.028328
2243	9.360187
2244	15.502597
2245	25.19782
2246	54.722687
2247	38.96906
2248	22.16379
2249	35.706635
2250	17.828382
2251	15.441457
2252	27.947182
2253	21.60754
2254	6.170197
2255	29.726028
2256	47.438854
2257	1.1649786
2258	53.610832
2259	18.28291
2260	7.975704
2261	55.01801
2262	38.240784
2263	9.113783
2264	34.383137
2265	48.675858
2266	38.95499
2267	26.633533
2268	42.996193
2269	31.93363
2270	40.64891
2271	15.923001
2272	39.88598
2273	36.380093
2274	15.455832
2275	40.03473
2276	43.213352
2277	37.16933
2278	12.447324
2279	29.02354
2280	14.631623
2281	30.228243
2282	33.218693
2283	4.3738647
2284	49.66022
2285	1.071652
2286	15.781337
2287	0.8117416
2288	55.130028
2289	39.11284
2290	3.813347
2291	26.860088
2292	59.547913
2293	32.391846
2294	15.754929
2295	50.470734
2296	38.80887
2297	22.681385
2298	2.3504667
2299	3.4527876
2300	15.969207
2301	38.594307
2302	39.632412
2303	31.778103
