0	76.50165
1	76.30165
2	76.101654
3	75.90166
4	75.70166
5	75.50166
6	75.30167
7	75.10167
8	74.90167
9	74.701675
10	74.50168
11	74.30168
12	74.101685
13	73.90169
14	73.70169
15	73.50169
16	73.3017
17	73.1017
18	72.9017
19	72.701706
20	72.50171
21	72.30171
22	72.101715
23	71.90172
24	71.70172
25	71.501724
26	71.30173
27	71.10173
28	70.90173
29	70.70174
30	70.50174
31	70.30174
32	70.101746
33	69.90175
34	69.70175
35	69.501755
36	69.30176
37	69.10176
38	68.901764
39	68.70177
40	68.50177
41	68.30177
42	68.101776
43	67.90178
44	67.70178
45	67.501785
46	67.30179
47	67.10179
48	66.901794
49	66.7018
50	66.5018
51	66.3018
52	66.10181
53	65.90181
54	65.70181
55	65.501816
56	65.30182
57	65.10182
58	64.901825
59	63.90183
60	62.90183
61	61.90183
62	60.90183
63	59.90183
64	58.90183
65	57.90183
66	56.90183
67	55.90183
68	54.90183
69	53.90183
70	52.90183
71	51.90183
72	50.90183
73	49.90183
74	48.90183
75	47.90183
76	46.90183
77	45.90183
78	44.90183
79	43.90183
80	42.90183
81	41.90183
82	40.90183
83	39.90183
84	38.90183
85	37.90183
86	36.90183
87	35.90183
88	34.90183
89	33.90183
90	32.90183
91	31.901829
92	30.901829
93	29.901829
94	28.901829
95	27.901829
96	26.901829
97	25.901829
98	24.901829
99	23.901829
100	22.901829
101	21.901829
102	20.901829
103	19.901829
104	18.901829
105	17.901829
106	16.901829
107	15.901828
108	14.901828
109	13.901828
110	12.901828
111	11.901828
112	10.901828
113	9.901828
114	10.501828
115	11.101829
116	11.701829
117	12.301829
118	12.90183
119	13.50183
120	14.1018305
121	14.701831
122	15.301831
123	15.901832
124	16.501831
125	17.10183
126	17.701828
127	18.301826
128	18.901825
129	19.501823
130	20.101822
131	20.70182
132	21.301819
133	21.901817
134	22.501816
135	23.101814
136	23.701813
137	24.301811
138	24.90181
139	25.501808
140	26.101807
141	26.701805
142	27.301804
143	27.901802
144	28.5018
145	29.101799
146	29.701797
147	30.301796
148	30.901794
149	31.501793
150	32.10179
151	32.70179
152	33.30179
153	33.901787
154	34.501785
155	35.101784
156	35.701782
157	36.30178
158	36.90178
159	37.501778
160	38.101776
161	38.701775
162	39.301773
163	39.90177
164	40.50177
165	41.10177
166	41.701767
167	42.301765
168	42.901764
169	43.501762
170	44.10176
171	44.70176
172	45.301758
173	45.901756
174	46.501755
175	47.101753
176	47.70175
177	48.30175
178	48.90175
179	49.701748
180	50.501747
181	51.301746
182	52.101746
183	52.901745
184	53.701744
185	54.501743
186	55.301743
187	56.10174
188	56.90174
189	57.70174
190	58.50174
191	59.30174
192	60.101738
193	60.901737
194	61.701736
195	62.501736
196	63.301735
197	64.10174
198	64.90174
199	65.701744
200	66.50175
201	67.30175
202	68.10175
203	68.90176
204	69.70176
205	70.50176
206	71.301765
207	72.10177
208	72.90177
209	73.701775
210	74.50178
211	75.30178
212	76.10178
213	76.90179
214	77.70179
215	78.50179
216	79.301796
217	80.1018
218	80.9018
219	81.701805
220	82.50181
221	83.30181
222	84.101814
223	84.90182
224	85.70182
225	86.50182
226	87.30183
227	88.10183
228	88.90183
229	89.701836
230	90.50184
231	91.30184
232	92.101845
233	92.90185
234	93.70185
235	94.501854
236	95.30186
237	96.10186
238	96.90186
239	97.701866
240	98.50187
241	99.30187
242	99.101875
243	98.90188
244	98.70188
245	98.501884
246	98.30189
247	98.10189
248	97.90189
249	97.7019
250	97.5019
251	97.3019
252	97.101906
253	96.90191
254	96.70191
255	96.501915
256	96.30192
257	96.10192
258	95.901924
259	95.70193
260	95.50193
261	95.30193
262	95.10194
263	94.90194
264	94.70194
265	94.501945
266	94.30195
267	94.10195
268	93.901955
269	93.70196
270	93.50196
271	93.30196
272	93.10197
273	92.90197
274	92.70197
275	92.501976
276	92.30198
277	92.10198
278	91.901985
279	91.70199
280	91.50199
281	91.301994
282	91.102
283	90.902
284	90.702
285	90.50201
286	90.30201
287	90.10201
288	89.902016
289	89.70202
290	89.50202
291	89.302025
292	89.10203
293	88.90203
294	88.702034
295	88.50204
296	88.30204
297	88.10204
298	87.90205
299	87.70205
300	87.50205
301	87.302055
302	87.10206
303	86.90206
304	86.702065
305	86.50207
306	86.30207
307	86.10207
308	85.90208
309	85.70208
310	85.50208
311	85.302086
312	85.10209
313	84.90209
314	84.702095
315	84.5021
316	84.3021
317	84.102104
318	83.90211
319	83.70211
320	83.50211
321	83.30212
322	83.10212
323	82.90212
324	82.702126
325	82.50213
326	82.30213
327	82.102135
328	81.90214
329	81.70214
330	81.502144
331	81.30215
332	81.10215
333	80.90215
334	80.702156
335	80.50216
336	80.30216
337	80.102165
338	79.90217
339	79.70217
340	79.502174
341	79.30218
342	79.10218
343	78.90218
344	78.70219
345	78.50219
346	78.30219
347	78.102196
348	77.9022
349	77.7022
350	77.502205
351	77.30221
352	77.10221
353	76.902214
354	76.70222
355	76.50222
356	76.30222
357	76.10223
358	75.90223
359	75.70223
360	75.502235
361	75.30224
362	75.10224
363	74.902245
364	74.70225
365	74.50225
366	74.30225
367	74.10226
368	73.90226
369	73.70226
370	73.502266
371	73.30227
372	73.10227
373	72.902275
374	72.70228
375	72.50228
376	72.302284
377	72.10229
378	71.90229
379	71.70229
380	71.5023
381	71.3023
382	71.1023
383	70.902306
384	70.70231
385	70.50231
386	70.302315
387	70.10232
388	69.90232
389	69.702324
390	69.50233
391	69.30233
392	69.10233
393	68.902336
394	68.70234
395	68.50234
396	68.302345
397	68.10235
398	67.90235
399	67.702354
400	67.50236
401	67.30236
402	67.10236
403	66.90237
404	66.70237
405	66.50237
406	66.302376
407	66.10238
408	65.90238
409	65.702385
410	65.50239
411	65.30239
412	65.102394
413	64.9024
414	64.7024
415	64.5024
416	64.30241
417	64.10241
418	63.90241
419	63.702408
420	63.502407
421	63.302406
422	63.102406
423	62.902405
424	62.702404
425	62.502403
426	62.302402
427	62.1024
428	61.9024
429	61.7024
430	61.5024
431	61.3024
432	61.102398
433	60.902397
434	60.702396
435	60.502396
436	60.302395
437	60.102394
438	59.902393
439	59.702393
440	59.50239
441	59.30239
442	59.10239
443	58.90239
444	58.70239
445	58.502388
446	58.302387
447	58.102386
448	57.902386
449	57.702385
450	57.502384
451	57.302383
452	57.102383
453	56.90238
454	56.70238
455	56.50238
456	56.30238
457	56.10238
458	55.902378
459	55.702377
460	55.502377
461	55.302376
462	55.102375
463	54.902374
464	54.702374
465	54.502373
466	54.302372
467	54.10237
468	53.90237
469	53.70237
470	53.50237
471	53.30237
472	53.102367
473	52.902367
474	52.702366
475	52.502365
476	52.302364
477	52.102364
478	51.902363
479	51.702362
480	51.50236
481	51.30236
482	51.10236
483	50.90236
484	50.70236
485	50.502357
486	50.302357
487	50.102356
488	49.902355
489	49.702354
490	49.502354
491	49.302353
492	49.102352
493	48.90235
494	48.70235
495	48.50235
496	48.30235
497	48.10235
498	47.902348
499	47.702347
500	47.502346
501	47.302345
502	47.102345
503	46.902344
504	46.702343
505	46.502342
506	46.30234
507	46.10234
508	45.90234
509	45.70234
510	45.50234
511	45.302338
512	45.102337
513	44.902336
514	44.702335
515	44.502335
516	44.302334
517	44.102333
518	43.902332
519	43.70233
520	43.50233
521	43.30233
522	43.10233
523	42.90233
524	42.702328
525	42.502327
526	42.302326
527	42.102325
528	41.902325
529	41.702324
530	41.502323
531	41.302322
532	41.10232
533	40.90232
534	40.70232
535	40.50232
536	40.30232
537	40.102318
538	39.902317
539	39.702316
540	39.502316
541	39.302315
542	39.102314
543	38.902313
544	38.702312
545	38.50231
546	38.30231
547	38.10231
548	37.90231
549	37.70231
550	37.502308
551	37.302307
552	37.102306
553	36.902306
554	36.702305
555	36.502304
556	36.302303
557	36.102303
558	35.9023
559	35.7023
560	35.5023
561	35.3023
562	35.1023
563	34.902298
564	34.702297
565	34.502296
566	34.302296
567	34.102295
568	33.902294
569	33.702293
570	33.502293
571	33.30229
572	33.10229
573	32.90229
574	32.70229
575	32.50229
576	32.302288
577	32.102287
578	31.902287
579	31.702286
580	31.502285
581	31.302284
582	31.102283
583	30.902283
584	30.702282
585	30.502281
586	30.30228
587	30.10228
588	29.902279
589	29.702278
590	29.502277
591	29.302277
592	29.102276
593	28.902275
594	28.702274
595	28.502274
596	28.302273
597	28.102272
598	27.902271
599	27.70227
600	27.50227
601	27.302269
602	27.102268
603	26.902267
604	26.702267
605	26.502266
606	26.302265
607	26.102264
608	25.902264
609	25.702263
610	25.502262
611	25.302261
612	25.10226
613	24.90226
614	24.70226
615	24.502258
616	24.302258
617	24.102257
618	23.902256
619	23.702255
620	23.502254
621	23.302254
622	23.102253
623	22.902252
624	22.702251
625	22.50225
626	22.30225
627	22.10225
628	21.902248
629	21.702248
630	21.502247
631	21.302246
632	21.102245
633	20.902245
634	20.702244
635	20.502243
636	20.302242
637	20.102242
638	19.90224
639	19.70224
640	19.50224
641	19.302238
642	19.102238
643	18.902237
644	18.702236
645	18.502235
646	18.302235
647	18.102234
648	17.902233
649	17.702232
650	17.502232
651	17.30223
652	17.10223
653	16.90223
654	16.702229
655	16.502228
656	16.302227
657	16.102226
658	15.902226
659	15.702227
660	15.502227
661	15.302227
662	15.102227
663	14.902227
664	14.702228
665	14.502228
666	14.302228
667	14.102228
668	13.902228
669	13.702229
670	13.502229
671	13.302229
672	13.102229
673	12.902229
674	12.7022295
675	12.50223
676	12.30223
677	12.10223
678	11.90223
679	11.70223
680	11.502231
681	11.302231
682	11.102231
683	10.902231
684	10.702231
685	10.502232
686	10.302232
687	10.102232
688	9.902232
689	10.702232
690	11.502233
691	12.102233
692	12.702233
693	13.302234
694	13.902234
695	14.502234
696	15.102235
697	15.702235
698	16.302235
699	16.902233
700	17.502232
701	18.10223
702	18.702229
703	19.302227
704	19.902225
705	20.502224
706	21.102222
707	21.70222
708	22.30222
709	22.902218
710	23.502216
711	24.102215
