0	70.46414
1	70.264145
2	70.06415
3	69.86415
4	69.664154
5	69.46416
6	69.26416
7	69.06416
8	68.86417
9	68.66417
10	68.46417
11	68.264175
12	68.06418
13	67.86418
14	67.664185
15	67.46419
16	67.26419
17	67.06419
18	66.8642
19	66.6642
20	66.4642
21	66.264206
22	66.06421
23	65.86421
24	65.664215
25	65.46422
26	65.26422
27	65.064224
28	64.86423
29	64.66423
30	64.46423
31	64.26424
32	64.06424
33	63.86424
34	63.664238
35	63.464237
36	63.264236
37	63.064236
38	62.864235
39	62.664234
40	62.464233
41	62.264233
42	62.06423
43	61.86423
44	61.66423
45	61.46423
46	61.26423
47	61.064228
48	60.864227
49	60.664227
50	60.464226
51	60.264225
52	60.064224
53	59.864223
54	59.664223
55	59.464222
56	59.26422
57	59.06422
58	58.86422
59	58.66422
60	58.46422
61	58.264217
62	58.064217
63	57.864216
64	57.664215
65	57.464214
66	57.264214
67	57.064213
68	56.864212
69	56.66421
70	56.46421
71	56.26421
72	56.06421
73	55.86421
74	55.664207
75	55.464207
76	55.264206
77	55.064205
78	54.864204
79	54.664204
80	54.464203
81	54.264202
82	54.0642
83	53.8642
84	53.6642
85	53.4642
86	53.2642
87	53.064198
88	52.864197
89	52.664196
90	52.464195
91	52.264194
92	52.064194
93	51.864193
94	51.664192
95	51.46419
96	51.26419
97	51.06419
98	50.86419
99	50.66419
100	50.464188
101	50.264187
102	50.064186
103	49.864185
104	49.664185
105	49.464184
106	49.264183
107	49.064182
108	48.86418
109	48.66418
110	48.46418
111	48.26418
112	48.06418
113	47.864178
114	47.664177
115	47.464176
116	47.264175
117	47.064175
118	46.864174
119	46.664173
120	46.464172
121	46.26417
122	46.06417
123	45.86417
124	45.66417
125	45.46417
126	45.264168
127	45.064167
128	44.864166
129	44.664165
130	44.464165
131	44.264164
132	44.064163
133	43.864162
134	43.66416
135	43.46416
136	43.26416
137	43.06416
138	42.86416
139	42.664158
140	42.464157
141	42.264156
142	42.064156
143	41.864155
144	41.664154
145	41.464153
146	41.264153
147	41.06415
148	40.86415
149	40.66415
150	40.46415
151	40.26415
152	40.064148
153	39.864147
154	39.664146
155	39.464146
156	39.264145
157	39.064144
158	38.864143
159	38.664143
160	38.46414
161	38.26414
162	38.06414
163	37.86414
164	37.66414
165	37.464138
166	37.264137
167	37.064137
168	36.864136
169	36.664135
170	36.464134
171	36.264133
172	36.064133
173	35.864132
174	35.66413
175	35.46413
176	35.26413
177	35.06413
178	34.86413
179	34.664127
180	34.464127
181	34.264126
182	34.064125
183	33.864124
184	33.664124
185	33.464123
186	33.264122
187	33.06412
188	32.86412
189	32.66412
190	32.46412
191	32.26412
192	32.064117
193	31.864117
194	31.664116
195	31.464115
196	31.264114
197	31.064114
198	30.864113
199	30.664112
200	30.464111
201	30.26411
202	30.06411
203	29.864109
204	29.664108
205	29.464108
206	29.264107
207	29.064106
208	28.864105
209	28.664104
210	28.464104
211	28.264103
212	28.064102
213	27.864101
214	27.6641
215	27.4641
216	27.2641
217	27.064098
218	26.864098
219	26.664097
220	26.464096
221	26.264095
222	26.064095
223	25.864094
224	25.664093
225	25.464092
226	25.264091
227	25.06409
228	24.86409
229	24.66409
230	24.464088
231	24.264088
232	24.064087
233	23.864086
234	23.664085
235	23.464085
236	23.264084
237	23.064083
238	22.864082
239	22.664082
240	22.46408
241	22.26408
242	22.06408
243	21.864079
244	21.664078
245	21.464077
246	21.264076
247	21.064075
248	20.864075
249	20.664074
250	20.464073
251	20.264072
252	20.064072
253	19.86407
254	19.66407
255	19.46407
256	19.264069
257	19.064068
258	18.864067
259	18.664066
260	18.464066
261	18.264065
262	18.064064
263	17.864063
264	17.664062
265	17.464062
266	17.264061
267	17.06406
268	16.86406
269	16.664059
270	16.464058
271	16.264057
272	16.064056
273	15.864057
274	15.664057
275	15.464057
276	15.264057
277	15.064057
278	14.864058
279	14.664058
280	14.464058
281	14.264058
282	14.064058
283	13.8640585
284	13.664059
285	13.464059
286	13.264059
287	13.064059
288	12.864059
289	12.66406
290	12.46406
291	12.26406
292	12.06406
293	11.86406
294	11.664061
295	11.464061
296	11.264061
297	11.064061
298	10.864061
299	10.664062
300	10.464062
301	10.264062
302	10.064062
303	9.864062
304	10.6640625
305	11.464063
306	12.264063
307	13.064063
308	13.864063
309	14.664063
310	15.464064
311	16.264063
312	17.064062
313	17.864061
314	18.66406
315	19.46406
316	20.26406
317	21.064058
318	21.864058
319	22.664057
320	23.464056
321	24.264055
322	25.064054
323	25.864054
324	26.664053
325	27.464052
326	28.264051
327	29.06405
328	29.86405
329	30.66405
330	31.464048
331	32.26405
332	33.06405
333	33.864048
334	34.664047
335	35.464046
336	36.264046
337	37.064045
338	37.864044
339	38.664043
340	39.464043
341	40.26404
342	41.06404
343	41.86404
344	42.66404
345	43.46404
346	44.264038
347	45.064037
348	45.864037
349	46.664036
350	47.464035
351	48.264034
352	49.064034
353	49.864033
354	50.664032
355	51.46403
356	52.26403
357	53.06403
358	53.86403
359	54.66403
360	55.464027
361	56.264027
362	57.064026
363	57.864025
364	58.664024
365	59.464024
366	60.264023
367	61.064022
368	61.86402
369	62.66402
370	63.46402
371	64.26402
372	65.064026
373	65.86403
374	66.66403
375	67.464035
376	68.26404
377	69.06404
378	69.864044
379	70.66405
380	71.46405
381	72.26405
382	73.06406
383	73.86406
384	74.66406
385	75.464066
386	76.26407
387	77.06407
388	77.66408
389	78.264084
390	78.86409
391	79.464096
392	80.0641
393	80.66411
394	81.264114
395	81.86412
396	82.46413
397	83.06413
398	83.66414
399	84.264145
400	84.86415
401	85.46416
402	86.06416
403	86.66417
404	87.264175
405	87.86418
406	88.46419
407	89.06419
408	89.6642
409	90.264206
410	90.86421
411	91.46422
412	92.064224
413	92.66423
414	93.26424
415	93.86424
416	94.46425
417	95.064255
418	95.66426
419	96.26427
420	96.86427
421	97.46428
422	98.064285
423	98.66429
424	99.2643
425	98.2643
426	97.2643
427	96.2643
428	95.2643
429	94.2643
430	93.2643
431	92.2643
432	91.2643
433	90.2643
434	89.2643
435	88.2643
436	87.2643
437	86.2643
438	85.2643
439	84.2643
440	83.2643
441	82.2643
442	81.2643
443	80.2643
444	79.2643
445	78.2643
446	77.2643
447	76.2643
448	75.2643
449	74.2643
450	73.2643
451	72.2643
452	71.2643
453	70.2643
454	69.2643
455	68.2643
456	67.2643
457	66.2643
458	65.2643
459	64.2643
460	63.2643
461	62.2643
462	61.2643
463	60.2643
464	59.2643
465	58.2643
466	57.2643
467	56.2643
468	55.2643
469	54.2643
470	53.2643
471	52.2643
472	51.2643
473	50.2643
474	49.2643
475	48.2643
476	47.2643
477	46.2643
478	45.2643
479	44.2643
480	43.2643
481	42.2643
482	41.2643
483	40.2643
484	39.2643
485	38.2643
486	37.2643
487	36.2643
488	35.2643
489	34.2643
490	33.2643
491	32.2643
492	31.264301
493	30.264301
494	29.264301
495	28.264301
496	27.264301
497	26.264301
498	25.264301
499	24.264301
500	23.264301
501	22.264301
502	21.264301
503	20.264301
504	19.264301
505	18.264301
506	17.264301
507	16.264301
508	15.2643
509	14.2643
510	13.2643
511	12.2643
512	11.2643
513	10.2643
514	9.2643
515	9.864301
516	10.464301
517	11.0643015
518	11.664302
519	12.264302
520	12.864303
521	13.464303
522	14.064303
523	14.664304
524	15.264304
525	15.864305
526	16.464304
527	17.064302
528	17.6643
529	18.2643
530	18.864298
531	19.464296
532	20.064295
533	20.664293
534	21.264292
535	21.86429
536	22.464289
537	23.064287
538	23.664286
539	24.264284
540	24.864283
541	25.464281
542	26.06428
543	26.664278
544	27.264277
545	27.864275
546	28.464273
547	29.064272
548	29.66427
549	30.264269
550	30.864267
551	31.464266
552	32.064266
553	32.664265
554	33.264263
555	33.86426
556	34.46426
557	35.06426
558	35.664257
559	36.264256
560	36.864254
561	37.464252
562	38.06425
563	38.66425
564	39.264248
565	39.864246
566	40.464245
567	41.064243
568	41.66424
569	42.26424
570	42.86424
571	43.464237
572	44.064236
573	44.664234
574	45.264233
575	45.86423
576	46.46423
577	47.064228
578	47.664227
579	48.264225
580	48.864223
581	49.464222
582	50.06422
583	50.66422
584	51.264217
585	51.864216
586	52.464214
587	53.064213
588	53.66421
589	54.26421
590	54.86421
591	55.464207
592	56.064205
593	56.664204
594	57.264202
595	57.8642
596	58.4642
597	59.064198
598	59.664196
599	60.264194
600	60.864193
601	61.46419
602	62.06419
603	62.66419
604	63.264187
605	63.864185
606	64.46419
607	65.06419
608	65.6642
609	66.264206
610	66.86421
611	67.46422
612	68.064224
613	68.66423
614	69.26424
615	69.86424
616	70.46425
617	71.064255
618	71.66426
619	72.26427
620	72.86427
621	73.46428
622	74.064285
623	74.66429
624	75.2643
625	75.8643
626	76.46431
627	77.064316
628	77.66432
629	78.26433
630	78.864334
631	79.46434
632	80.06435
633	80.66435
634	81.26436
635	81.864365
636	82.46437
637	83.06438
638	83.66438
639	84.26439
640	84.864395
641	85.4644
642	86.06441
643	86.66441
644	87.26442
645	87.864426
646	88.46443
647	89.06444
648	89.664444
649	90.26445
650	90.864456
651	91.46446
652	92.06447
653	92.664474
654	93.26448
655	93.86449
656	94.46449
657	95.0645
658	95.664505
659	96.26451
660	96.86452
661	97.46452
662	98.06453
663	98.664536
664	99.26454
665	98.26454
666	97.26454
667	96.26454
668	95.26454
669	94.26454
670	93.26454
671	92.26454
672	91.26454
673	90.26454
674	89.26454
675	88.26454
676	87.26454
677	86.26454
678	85.26454
679	84.26454
680	83.26454
681	82.26454
682	81.26454
683	80.26454
684	79.26454
685	78.26454
686	77.26454
687	76.26454
688	75.26454
689	74.26454
690	73.26454
691	72.26454
692	72.064545
693	71.86455
694	71.66455
695	71.464554
696	71.26456
697	71.06456
698	70.86456
699	70.664566
700	70.46457
701	70.26457
702	70.064575
703	69.86458
704	69.66458
705	69.464584
706	69.26459
707	69.06459
708	68.86459
709	68.6646
710	68.4646
711	68.2646
712	68.064606
