0	30.000002
1	26.515991
2	21.079828
3	22.77629
4	20.502605
5	30.608986
6	23.161518
7	18.449762
8	25.265417
9	36.797768
10	30.339407
11	24.147957
12	33.195473
13	24.232834
14	20.998064
15	27.167648
16	22.502102
17	15.8770275
18	21.098135
19	32.45522
20	26.113098
21	30.294788
22	26.761738
23	33.35874
24	24.66741
25	30.58162
26	26.082607
27	28.527927
28	37.60116
29	24.305649
30	32.24779
31	27.607433
32	22.227215
33	23.736284
34	27.431522
35	22.591423
36	35.80725
37	19.22707
38	35.278484
39	32.768112
40	22.916534
41	35.28023
42	29.160202
43	29.332241
44	27.866123
45	24.569675
46	39.748596
47	51.440266
48	48.843452
49	47.227264
50	62.711555
51	50.676212
52	53.38733
53	53.236187
54	56.254074
55	62.86203
56	58.043636
57	56.10314
58	54.739895
59	51.54654
60	55.707153
61	59.32794
62	65.2214
63	65.900986
64	73.6194
65	60.205315
66	66.87902
67	68.146
68	73.52199
69	59.975822
70	60.39376
71	66.9907
72	72.889786
73	67.78674
74	69.18037
75	71.18249
76	78.96273
77	60.646088
78	81.563324
79	69.46477
80	67.281654
81	71.30931
82	76.00285
83	81.48573
84	65.681404
85	80.46676
86	63.84218
87	72.38994
88	60.789764
89	73.45417
90	71.08928
91	66.7807
92	68.79031
93	69.19981
94	67.2364
95	77.76318
96	70.66858
97	70.91697
98	67.291016
99	75.42628
100	65.56238
101	74.31379
102	72.999664
103	73.017845
104	72.51302
105	79.53047
106	76.65552
107	74.45528
108	70.525215
109	81.38815
110	80.02735
111	67.12921
112	72.45018
113	70.148796
114	77.57904
115	72.513626
116	73.26666
117	73.97462
118	76.15781
119	74.85774
120	84.75507
121	73.02394
122	76.86694
123	74.23958
124	71.29324
125	72.11575
126	62.24821
127	55.596542
128	54.30883
129	58.04004
130	52.66949
131	48.374763
132	49.42115
133	54.00071
134	56.04006
135	54.806477
136	50.58003
137	46.66532
138	50.270493
139	51.195583
140	51.66147
141	54.66888
142	54.127476
143	46.062546
144	49.802143
145	46.095024
146	40.144653
147	45.337173
148	48.35728
149	42.162823
150	49.921524
151	45.861042
152	53.105858
153	41.664803
154	46.14374
155	45.6876
156	40.68531
157	45.90003
158	42.74426
159	42.670166
160	39.40867
161	53.864674
162	33.41713
163	38.04837
164	32.20834
165	40.369663
166	41.67838
167	32.858936
168	41.5982
169	40.11187
170	31.585472
171	30.000269
172	30.289764
173	29.535408
174	41.366974
175	29.576666
176	30.107405
177	35.901104
178	24.041044
179	25.696262
180	34.014698
181	31.905346
182	33.594433
183	35.798546
184	29.856548
185	29.064247
186	33.470432
187	23.998812
188	31.8156
189	31.375458
190	31.795124
191	19.612986
192	28.363861
193	21.562119
194	29.338787
195	32.774193
196	32.319164
197	27.858225
198	26.831263
199	26.367527
200	25.420185
201	19.03006
202	40.42074
203	21.859844
204	29.860394
205	32.034264
206	23.724628
207	24.829914
208	36.63891
209	20.453999
210	19.856693
211	21.661669
212	12.381986
213	17.598383
214	15.503365
215	21.694267
216	20.753614
217	26.986181
218	26.956284
219	33.20479
220	27.2762
221	26.494883
222	26.691963
223	21.62041
224	21.781866
225	27.095459
226	29.969997
227	30.178383
228	30.455297
229	26.214062
230	20.339392
231	17.869925
232	26.744751
233	37.352314
234	19.016523
235	32.152664
236	25.449577
237	30.230757
238	23.718681
239	35.553345
240	28.992619
241	22.52317
242	41.15025
243	28.1263
244	32.07132
245	32.295956
246	22.799242
247	23.582504
248	30.048244
249	28.000715
250	41.964077
251	38.815235
252	33.453957
253	40.72088
254	38.88724
255	49.069733
256	41.139725
257	30.000923
258	33.70182
259	27.82233
260	35.878487
261	41.218105
262	29.543
263	28.593391
264	40.10651
265	32.3522
266	33.25836
267	36.554066
268	27.593456
269	38.994385
270	33.112434
271	26.39111
272	34.620377
273	32.42708
274	30.273556
275	33.492214
276	36.457695
277	35.926125
278	32.96782
279	46.824085
280	38.75089
281	31.560383
282	34.079247
283	35.03888
284	39.635902
285	43.766273
286	33.141907
287	43.4674
288	42.460175
289	48.900375
290	36.177906
291	35.96357
292	36.928253
293	34.98934
294	38.529633
295	26.593597
296	38.979843
297	30.731236
298	27.574724
299	36.043373
300	47.648796
301	28.816368
302	27.123737
303	31.150215
304	32.44109
305	39.61959
306	31.817667
307	31.302662
308	34.002556
309	26.89408
310	37.68873
311	29.428885
312	43.45662
313	32.732315
314	40.64817
315	32.407494
316	40.965176
317	36.515785
318	40.499863
319	33.982204
320	33.16604
321	36.94113
322	39.734158
323	46.057396
324	45.056435
325	45.315514
326	44.665855
327	37.70247
328	38.74488
329	54.449986
330	47.264435
331	40.580383
332	42.769073
333	45.137672
334	38.869835
335	34.12989
336	32.210464
337	46.77323
338	31.431976
339	37.96507
340	37.686165
341	37.895786
342	51.762142
343	45.93986
344	43.50537
345	41.757202
346	48.684883
347	51.432976
348	34.243877
349	44.303085
350	38.11446
351	37.901314
352	30.824245
353	44.664665
354	38.687347
355	34.527756
356	33.957737
357	38.895805
358	42.391228
359	35.289135
360	36.60066
361	30.387764
362	33.49203
363	24.84427
364	30.823246
365	32.509094
366	37.223206
367	45.97635
368	30.892303
369	37.604954
370	34.67919
371	32.04944
372	42.32438
373	25.252449
374	26.322525
375	43.748306
376	30.371325
377	29.674614
378	29.40728
379	23.97013
380	41.016003
381	26.853992
382	24.130314
383	40.137077
384	33.42225
385	42.276005
386	24.884354
387	20.95103
388	23.496365
389	26.41106
390	24.628569
391	25.168556
392	15.329338
393	25.628912
394	27.404688
395	23.976496
396	8.254564
397	21.842728
398	18.686222
399	29.643848
400	21.285742
401	23.101551
402	24.060839
403	9.611657
404	25.67975
405	19.358883
406	14.964704
407	15.158419
408	19.595545
409	11.730922
410	23.228441
411	16.345692
412	18.005457
413	27.034822
414	19.10483
415	13.370925
416	12.805028
417	23.633663
418	14.271325
419	11.550657
420	20.597733
421	26.859673
422	13.033299
423	9.5664425
424	15.362482
425	11.760926
426	9.078222
427	7.3203983
428	17.781277
429	30.877062
430	17.016546
431	20.267853
432	14.042313
433	21.56089
434	25.59365
435	20.908367
436	13.872959
437	12.603193
438	14.383153
439	34.217888
440	16.749825
441	10.114868
442	19.666882
443	21.222256
444	32.903248
445	16.18478
446	21.158468
447	24.472252
448	23.333542
449	27.4385
450	23.45684
451	19.762327
452	17.804237
453	23.746239
454	20.701416
455	26.518227
456	37.115177
457	32.15704
458	45.63139
459	43.593163
460	45.31148
