0	32.301094
1	19.54908
2	29.04752
3	13.334797
4	25.686478
5	20.793571
6	29.237202
7	30.298178
8	23.303139
9	27.01491
10	34.65011
11	27.599262
12	27.928858
13	38.439617
14	33.258495
15	26.382458
16	30.110256
17	23.276188
18	31.457912
19	38.08187
20	22.980951
21	21.165678
22	25.371656
23	32.779007
24	22.976357
25	23.726559
26	24.664341
27	36.49031
28	28.884504
29	22.278057
30	22.089638
31	26.182285
32	22.77221
33	42.822273
34	34.652153
35	35.321835
36	41.580513
37	41.192226
38	31.295544
39	45.85798
40	28.998919
41	36.861656
42	32.910046
43	40.9418
44	40.07582
45	33.078835
46	30.103685
47	29.024504
48	28.920721
49	32.922024
50	31.484253
51	35.36149
52	33.566856
53	35.122707
54	34.854893
55	34.90578
56	24.22987
57	28.41029
58	33.38067
59	23.802418
60	22.675865
61	38.573685
62	28.497818
63	36.97483
64	28.457548
65	29.719894
66	25.253357
67	36.080727
68	24.176395
69	27.458506
70	25.377031
71	40.67401
72	30.210663
73	41.49661
74	31.273558
75	40.958744
76	37.36213
77	44.15769
78	37.55358
79	29.527336
80	37.211887
81	38.316273
82	28.238523
83	28.689793
84	29.914734
85	34.44838
86	43.91021
87	35.04766
88	37.43316
89	37.22158
90	36.502266
91	36.2143
92	36.679237
93	24.195103
94	26.318602
95	23.204445
96	40.522102
97	39.37346
98	44.820244
99	41.66939
100	40.31278
101	40.33697
102	34.753235
103	43.30558
104	44.736877
105	45.56602
106	40.78319
107	36.808197
108	42.45122
109	35.478333
110	41.990517
111	37.856743
112	35.62828
113	41.7995
114	44.65755
115	36.551624
116	34.360405
117	28.78204
118	27.732975
119	37.78511
120	37.529823
121	35.15852
122	43.8257
123	39.789066
124	37.947323
125	36.180557
126	44.221497
127	34.560867
128	31.284067
129	37.294304
130	40.78267
131	40.43915
132	43.06982
133	40.915375
134	50.54368
135	38.615612
136	40.182487
137	54.568092
138	37.009964
139	57.74833
140	34.22414
141	46.002983
