0	35.674618
1	46.713333
2	36.34383
3	47.176414
4	39.36015
5	48.553005
6	51.246086
7	52.713272
8	25.797146
9	29.149612
10	29.517078
11	24.290108
12	32.833366
13	27.595089
14	35.8372
15	19.762337
16	37.11915
17	35.28424
18	43.953484
19	50.712067
20	46.119385
21	45.72904
22	49.37571
23	52.55947
24	42.146095
25	26.972542
26	31.677814
27	34.463108
28	26.60738
29	29.42641
30	32.28864
31	15.479655
32	48.287846
33	57.32141
34	23.044014
35	17.011364
36	21.301754
37	15.786504
38	25.78121
39	21.529158
40	33.626835
41	38.042553
42	41.030315
43	51.254883
44	48.526806
45	48.226494
46	43.920467
47	41.81576
48	44.42121
49	43.55938
50	51.330322
51	44.947308
52	41.440193
53	51.971657
54	47.031036
55	49.664577
56	43.678337
57	42.951225
58	43.534298
59	44.3262
60	33.440575
61	49.91069
62	44.11487
63	48.611923
64	48.06979
65	44.8637
66	43.7163
67	60.157898
68	25.929611
69	32.608215
70	24.777445
71	26.899036
72	35.38298
73	24.613297
74	15.18942
75	21.106464
76	37.44358
77	23.848282
78	26.038118
79	12.587661
80	25.469215
81	23.72984
82	15.31698
83	17.144524
84	26.27201
85	22.405819
86	5.063875
87	13.134298
88	13.621387
89	11.855908
90	15.579921
91	16.751228
92	29.753752
93	20.410229
94	20.854612
95	42.161915
96	39.51244
97	31.866806
98	32.601665
99	37.233253
100	34.232048
101	39.808914
102	39.32743
103	41.35635
104	42.666004
105	51.05263
106	46.715744
107	51.688927
108	49.82909
109	53.212917
110	46.327988
111	37.11223
112	20.78715
113	31.243418
114	20.072842
115	33.5046
116	21.241774
117	23.521645
118	21.603409
119	30.951645
120	31.007156
121	16.57336
122	27.29008
123	23.884928
124	9.808272
125	21.500862
126	29.53761
127	22.532568
128	9.026321
129	13.028586
130	11.78306
131	20.305893
132	17.867455
133	22.97649
134	18.23867
135	14.936716
136	17.61631
137	14.888844
138	19.266108
139	16.588268
140	22.552574
141	20.157387
142	20.497059
143	17.882542
144	21.937124
145	19.688807
146	37.25342
147	41.042725
148	42.133938
149	38.3899
150	44.93814
151	37.283585
152	52.225105
153	30.489204
154	26.760082
155	14.101307
156	31.329283
157	20.894886
158	17.97438
159	14.614395
160	21.506828
161	9.212383
162	8.936028
163	21.85257
164	8.784762
165	15.808959
166	11.106561
167	22.758486
168	30.57617
169	13.246015
170	13.769596
171	32.545105
172	34.314312
173	40.838448
174	32.08761
175	26.967005
176	28.041275
177	41.761097
178	36.356777
179	38.74566
180	44.210968
181	43.85789
182	45.739437
183	48.46645
184	51.94832
185	53.565384
186	40.432373
187	23.54176
188	30.32846
189	27.593136
