0	41.505024
1	40.352
2	20.089775
3	22.879831
4	18.56134
5	7.593859
6	38.65765
7	41.65359
8	25.484892
9	43.538586
10	40.426598
11	41.741795
12	33.997856
13	31.510899
14	37.04525
15	47.804077
16	31.493927
17	49.24421
18	48.437492
19	65.98787
20	45.84524
21	28.056742
22	30.02612
23	63.39077
24	22.028725
25	43.66095
26	45.47262
27	36.063282
28	40.71797
29	33.960445
30	32.724266
31	25.998386
32	33.839558
33	32.185246
34	42.473797
35	50.849945
36	55.67305
37	37.07733
38	21.181038
39	62.429367
40	18.562176
41	66.93192
42	73.86538
43	46.626743
44	16.438921
45	20.945341
46	31.758316
47	49.597485
48	25.090223
49	35.424717
50	70.43463
51	42.5597
52	50.814774
53	20.091026
54	25.412737
55	42.246284
56	45.190712
57	63.160862
58	9.772168
59	37.37514
60	15.811278
61	46.984814
62	39.374313
63	15.347718
64	30.548098
65	42.418236
66	50.507698
67	14.504247
68	16.922901
69	17.263779
70	34.54055
71	18.323828
72	63.943695
73	53.525322
74	32.138653
75	26.44733
76	48.016228
77	33.368355
78	53.13645
79	43.812576
80	23.151497
81	42.588745
82	25.301441
83	4.331839
84	24.230713
85	46.147743
86	24.630207
87	57.020386
88	39.31868
89	32.70599
90	9.5702095
91	46.901085
92	63.96748
93	18.325089
94	32.14012
95	14.560295
96	8.791282
97	34.765625
98	17.59485
99	48.5317
100	72.75212
101	16.463644
102	30.393143
103	21.909573
104	42.08413
105	30.016726
106	27.807835
107	35.255333
108	52.320267
109	47.328884
110	56.12855
111	28.984188
112	15.507022
113	11.5907
114	15.0585785
115	37.99233
116	23.633097
117	15.064537
118	52.96933
119	32.589306
120	28.231491
121	0.49022236
122	30.666252
123	33.14955
124	64.9108
125	52.027706
126	33.414368
127	52.40446
128	22.960941
129	23.478542
130	29.675919
131	8.336013
132	47.7727
133	36.015293
134	33.69608
135	11.069254
136	24.397804
137	23.169191
138	62.460857
139	10.742279
140	12.5987625
141	5.77883
142	26.7502
143	34.111244
144	45.416775
145	33.362488
146	21.164814
147	26.855028
148	58.30588
149	3.5597806
150	9.377559
151	68.19725
152	36.470833
153	12.621144
154	40.372738
155	9.736144
156	23.967491
157	23.918087
158	13.795931
159	26.083586
160	54.916054
161	25.439764
162	43.41706
163	11.150045
164	17.979837
165	12.754148
166	74.74884
167	43.62634
168	72.9822
169	34.165535
170	28.542622
171	32.305027
172	46.14293
173	12.7286
174	18.726255
175	39.486023
176	32.681335
177	5.9182773
178	18.537638
179	17.583431
180	15.6532755
181	55.416344
182	61.20697
183	37.84128
184	26.501951
185	31.454689
186	40.570774
187	18.610474
188	32.396084
189	52.67229
190	28.35725
191	62.35702
192	34.519646
193	27.289845
194	2.345042
195	21.803944
196	28.935055
197	11.70135
198	56.01692
199	12.075777
200	61.90934
201	70.68783
202	53.408245
203	32.457737
204	39.62867
205	28.638699
206	19.38489
207	31.454594
208	33.789925
209	17.726063
210	11.164934
211	34.63464
212	41.023064
213	34.041122
214	15.771893
215	26.42595
216	20.705502
217	31.659801
218	45.415344
219	27.000343
220	59.872574
221	34.540623
222	48.942818
223	35.417645
224	25.168106
225	47.442024
226	52.492752
227	29.28837
228	61.819115
229	8.252954
230	28.129902
231	29.433369
232	43.67833
233	11.762859
234	57.004486
235	47.022446
236	32.309105
237	45.59655
238	24.147045
239	24.18418
240	25.76382
241	6.015929
242	14.075789
243	27.63814
244	57.825233
245	45.230446
246	10.570974
247	39.50706
248	34.555775
249	47.018543
250	59.980484
251	22.303514
252	58.24166
253	23.59748
254	37.14885
255	35.770428
256	9.221413
257	39.666527
258	49.784214
259	21.636208
260	26.927816
261	55.18355
262	49.244072
263	34.809025
264	34.418964
265	41.405586
266	11.684873
267	17.189812
268	61.230392
269	20.745434
270	31.516088
271	38.811394
272	27.124493
273	38.751152
274	52.702072
275	14.194724
276	52.730824
277	26.149574
278	22.296642
279	32.93121
280	40.701508
281	14.568989
282	9.52595
283	19.989939
284	35.090424
285	19.92406
286	64.415794
287	3.9549148
288	44.764072
289	40.431084
290	38.377537
291	11.994325
292	24.921637
293	23.29476
294	50.146587
295	52.991863
296	37.610924
297	61.360184
298	48.099438
299	53.128326
300	35.802937
301	25.347462
302	13.294834
303	21.42792
304	15.65665
305	39.424793
306	44.193054
307	57.930195
308	9.861141
309	34.423653
310	46.777756
311	39.224155
312	11.074556
313	34.59662
314	52.017223
315	39.20907
316	32.038925
317	41.249176
318	28.433811
319	36.75472
320	38.245667
321	46.557396
322	42.35353
323	23.39034
324	58.346367
325	79.077576
326	57.152054
327	34.88271
328	36.869312
329	24.14904
330	38.930664
331	23.6678
332	24.654259
333	58.765984
334	50.365837
335	44.22788
336	35.056046
337	31.793007
338	28.355282
339	44.331764
340	33.114086
341	68.64424
342	66.59909
343	63.12434
344	70.889175
345	37.261032
346	74.53827
347	52.877888
348	19.654915
349	19.50051
350	64.423805
351	35.069283
352	35.229958
353	43.978924
354	23.66286
355	52.27863
356	32.717922
357	26.792591
358	54.13028
359	71.421585
360	13.317453
361	58.75056
362	70.15054
363	24.031305
364	34.07675
365	8.629483
366	57.253304
367	56.96742
368	33.98972
369	58.985046
370	72.98433
371	39.575817
372	50.965454
373	9.69594
374	38.911522
375	33.9805
376	40.31457
377	50.527214
378	61.01573
379	50.5636
380	47.503468
381	38.994057
382	48.17243
383	55.515816
384	22.01129
385	46.30812
386	72.22211
387	33.903378
388	1.3716875
389	22.943739
390	36.261772
391	15.565379
392	38.12763
393	25.11687
394	24.195366
395	60.87041
396	45.003498
397	26.626455
398	47.268017
399	21.92887
400	33.878414
401	20.925314
402	50.577114
403	46.869972
404	61.307793
405	40.64036
406	51.055946
407	38.307716
408	38.388798
409	15.717498
410	37.63909
411	43.379604
412	42.73309
413	26.305185
414	30.021622
415	60.65949
416	21.643
417	47.383465
418	6.6736836
419	40.394547
420	53.70004
421	37.694115
422	24.780476
423	19.677595
424	54.991253
425	11.530274
426	46.166252
427	76.539825
428	34.730576
429	14.582642
430	42.74449
431	34.437256
432	23.848078
433	38.811584
434	9.277324
435	41.516872
436	37.245785
437	43.850204
438	56.639374
439	50.499847
440	45.135918
441	47.55388
442	30.968967
443	62.17071
444	74.30262
445	12.98885
446	46.602676
447	8.259576
448	50.46419
449	43.60731
450	53.090057
451	40.30118
452	72.15604
453	25.380836
454	38.220932
455	27.891888
456	56.38909
457	55.907734
458	41.454285
459	29.796326
460	40.08706
461	35.972343
462	37.236866
463	43.07667
464	14.6787815
465	29.805634
466	10.086886
467	47.722244
468	39.141064
469	10.352252
470	15.224371
471	18.125565
472	21.562387
473	37.552464
474	46.463284
475	41.08908
476	27.901407
477	41.3628
478	26.94625
479	37.598755
480	3.831326
481	25.262444
482	69.04976
483	19.270746
484	57.636852
485	42.25164
486	45.38183
487	66.955284
488	28.27092
489	22.883205
490	37.705338
491	20.327152
492	16.412159
493	47.602604
494	28.244637
495	69.34471
496	19.139202
497	21.971016
498	45.138542
499	61.63671
500	23.06848
501	53.648167
502	40.026833
503	14.160903
504	19.744486
505	34.919872
506	53.170547
507	26.777218
508	18.94323
509	48.670845
510	39.88139
511	41.361736
512	35.75461
513	33.482758
514	51.32442
515	26.081848
516	22.773085
517	36.02215
518	15.441063
519	22.526941
520	67.343185
521	49.871647
522	61.28506
523	15.033636
524	15.791754
525	32.53255
526	12.193933
527	43.820698
528	45.86078
529	64.50509
530	39.20207
531	12.899305
532	55.82762
533	29.094725
534	38.10334
535	40.14788
536	69.82525
537	65.27946
538	21.94297
539	35.067245
540	33.763412
541	31.681843
542	12.650693
543	48.99829
544	26.957
545	44.16686
546	41.170143
547	29.843437
548	40.5054
549	25.147163
550	41.661816
551	43.530045
552	27.204952
553	29.599703
554	48.26925
555	12.824347
556	50.54144
557	33.78449
558	40.267563
559	34.684162
560	35.469826
561	32.173466
562	67.83287
563	46.416603
564	66.88964
565	61.2788
566	59.128708
567	31.963932
568	38.01651
569	44.478558
570	42.579338
571	39.47584
572	34.772488
573	47.486572
574	48.882698
575	9.661752
576	23.920998
577	62.812668
578	40.218166
579	50.94172
580	12.021261
581	14.889474
582	25.510166
583	27.703323
584	52.628117
585	48.218052
586	66.295074
587	24.788181
588	20.206465
589	14.071217
590	51.375107
591	9.241512
592	32.84338
593	20.945484
594	3.9431214
595	19.995426
596	41.854324
597	34.92075
598	56.12835
599	16.106756
600	41.787937
601	31.781792
602	50.463486
603	44.368435
604	16.013924
605	7.873147
606	43.82879
607	41.60578
608	19.940529
609	9.759252
610	47.413414
611	22.968716
612	67.340744
613	13.407347
614	60.72104
615	26.107693
616	31.962574
617	52.25897
618	19.420918
619	40.082798
620	27.735622
621	12.61866
622	34.868587
623	41.022137
624	45.85756
625	28.638851
626	41.385887
627	48.09291
628	49.389668
629	13.911553
630	26.655521
631	57.774292
632	3.5639472
633	12.222323
634	33.72151
635	42.926712
636	16.59739
637	58.841854
638	61.520454
639	46.56604
640	11.477407
641	26.86549
642	20.188948
643	9.474899
644	58.05842
645	53.697193
646	38.395332
647	24.078714
648	53.78888
649	76.47237
650	29.372765
651	27.082413
652	32.253044
653	19.807076
654	58.081245
655	63.006252
656	14.882616
657	27.039421
658	32.21654
659	20.44154
660	41.85708
661	30.834358
662	14.878053
663	26.525608
664	52.354332
665	49.089794
666	54.1928
667	46.597248
668	39.618294
669	26.450945
670	30.278044
671	49.740658
672	42.11708
673	52.567978
674	30.207489
675	47.263405
676	74.679596
677	52.924644
678	41.85823
679	24.745974
680	45.9941
681	19.868618
682	25.748573
683	43.37571
684	23.456413
685	25.814615
686	10.576946
687	55.671444
688	51.848095
689	52.727524
690	24.88631
691	46.339252
692	30.459286
693	41.194584
694	30.642456
695	19.940643
696	39.67836
697	12.574301
698	42.02976
699	24.062517
700	47.553635
701	28.640713
702	46.140724
703	38.06465
704	30.342182
705	41.60501
706	7.3285394
707	27.88116
708	28.273655
709	64.279724
710	12.4094715
711	49.016983
712	61.651913
713	58.409096
714	21.078556
715	62.018013
716	63.846962
717	12.966279
718	32.63684
719	26.084404
720	36.990128
721	28.61113
722	13.615138
723	29.761356
724	16.957508
725	53.501568
726	26.014194
727	64.94262
728	60.065224
729	19.678495
730	23.963385
731	46.347492
732	30.381853
733	28.529272
734	25.126167
735	28.563248
736	33.820824
737	29.220581
738	58.666813
739	66.01187
740	9.247938
741	40.679817
742	22.376068
743	66.95787
744	20.721558
745	23.381334
746	26.167637
747	33.05449
748	29.569592
749	26.644356
750	35.591934
751	32.489243
752	49.538746
753	29.057507
754	36.41014
755	26.104338
756	13.74162
757	34.120728
758	32.042637
759	61.378273
760	25.988237
761	45.92205
762	53.430073
763	17.830662
764	66.46498
765	24.38589
766	31.511957
767	27.273762
768	42.21977
769	35.895096
770	40.887497
771	32.117443
772	26.021925
773	14.171272
774	12.296292
775	30.24033
776	19.583366
777	29.860073
778	55.02106
779	35.595695
780	21.465845
781	69.98453
782	39.660606
783	50.22812
784	44.76806
785	35.42186
786	50.09037
787	43.644936
788	20.677906
789	48.0016
790	50.698467
791	42.480537
792	22.713177
793	42.80958
794	62.475304
795	56.2285
796	22.820215
797	16.119415
798	66.38503
799	60.890827
800	57.970955
801	16.009964
802	22.469753
803	21.923063
804	34.752644
805	40.48786
806	44.887665
807	27.326813
808	23.744362
809	20.436193
810	79.64053
811	29.071827
812	39.740532
813	63.369576
814	48.357437
815	15.714502
816	23.69214
817	43.06903
818	16.670635
819	16.486721
820	20.927666
821	9.282645
822	26.490717
823	29.079727
824	28.568642
825	75.29969
826	30.126625
827	24.757992
828	70.96933
829	25.307209
830	38.94123
831	17.327572
832	30.091377
833	40.15543
834	50.24472
835	22.767694
836	42.797253
837	36.052464
838	50.142727
839	21.163797
840	17.806955
841	42.521317
842	42.338287
843	65.01279
844	35.52499
845	30.69294
846	40.937393
847	65.90549
848	37.70123
849	60.753017
850	46.506374
851	28.154486
852	30.468882
853	25.79924
854	26.040585
855	31.654438
856	51.62143
857	34.21249
858	29.899628
859	43.654762
860	25.275843
861	13.292418
862	70.57027
863	18.204166
864	36.20815
865	58.46794
866	46.58171
867	44.26123
868	38.07101
869	41.61064
870	63.556396
871	44.97535
872	58.77683
873	45.18577
874	16.81425
875	19.88796
876	54.186924
877	72.51108
878	54.223114
879	60.520996
880	36.042183
881	37.319145
882	19.232204
883	42.309086
884	23.49292
885	18.458397
886	52.94249
887	22.737823
888	26.466242
889	22.12454
890	28.415237
891	16.410929
892	68.14227
893	18.865032
894	32.29249
895	56.843517
896	10.445521
897	46.762688
898	52.63587
899	71.387665
900	16.45765
901	42.204784
902	61.052006
903	16.867601
904	47.456795
905	38.29541
906	54.030914
907	22.666834
908	20.039268
909	71.25637
910	63.6726
911	56.45092
912	6.50782
913	56.942593
914	24.853565
915	29.294626
916	11.204748
917	65.25666
918	64.14732
919	19.94768
920	31.421364
921	23.017334
922	68.46796
923	43.138336
924	36.192924
925	58.528587
926	29.548004
927	28.758747
928	50.05348
929	59.926605
930	49.630135
931	18.751951
932	55.38968
933	30.300686
934	13.235581
935	25.320732
936	9.365698
937	14.553245
938	42.34822
939	29.85076
940	25.31704
941	48.799053
942	58.67261
943	16.032793
944	26.540178
945	58.76581
946	52.72503
947	43.784687
948	42.724762
949	17.171652
950	31.277435
951	37.060837
952	68.854904
