0	46.6094
1	7.523074
2	45.290062
3	34.38036
4	37.262394
5	31.10884
6	36.055412
7	17.483816
8	64.18404
9	51.437218
10	30.12165
11	33.948853
12	24.871056
13	44.407
14	20.201271
15	6.811802
16	39.414875
17	25.88727
18	16.28831
19	28.993347
20	57.153625
21	10.461856
22	60.729057
23	61.025097
24	30.2567
25	54.19361
26	32.901627
27	28.181608
28	2.500556
29	30.217888
30	43.416893
31	15.085561
32	12.281431
33	12.750996
34	54.717834
35	20.772186
36	21.528458
37	41.643696
38	47.270287
39	31.241697
40	28.052904
41	31.79092
42	31.489033
43	35.268917
44	15.776493
45	7.871456
46	51.875957
47	31.475744
48	36.857754
49	49.134686
50	18.997185
51	14.771692
52	41.12119
53	10.476726
54	7.57672
55	46.745052
56	11.603245
57	3.6750445
58	29.842932
59	44.237698
60	23.452736
61	5.2665505
62	65.586266
63	9.928551
64	12.895011
65	25.22193
66	60.970375
67	45.231087
68	45.77868
69	33.636017
70	46.968304
71	6.3652716
72	2.7070851
73	48.173706
74	37.924206
75	27.072155
76	42.500362
77	22.13573
78	16.03981
79	33.35796
80	44.495052
81	57.534515
82	49.509468
83	8.64043
84	12.767138
85	56.747063
86	31.204536
87	39.778137
88	53.06244
89	32.466187
90	37.95566
91	14.929908
92	41.84373
93	28.663624
94	45.825104
95	44.575466
96	47.23747
97	42.937286
98	37.00515
99	28.42372
100	21.769289
101	51.92308
102	34.440903
103	22.680973
104	11.809616
105	35.62538
106	56.149067
107	18.588911
108	58.971355
109	0.504052
110	13.978918
111	29.346413
112	56.715725
113	21.921553
114	27.315268
115	8.945971
116	29.285574
117	21.596212
118	4.249794
119	27.779636
120	7.9257503
121	1.9716464
122	21.27995
123	49.720554
124	15.2616205
125	31.736977
126	12.078461
127	19.093275
128	53.94969
129	4.195408
130	26.626862
131	9.521222
132	28.71043
133	42.04876
134	21.070768
135	48.138832
136	15.138046
137	15.282925
138	45.152493
139	55.59295
140	34.115967
141	25.183023
142	9.643264
143	7.1441393
144	4.656682
145	19.608171
146	19.590248
147	25.308197
148	31.587366
149	58.336884
150	23.614235
151	22.69402
152	4.7296596
153	0.88719344
154	20.085014
155	10.343988
156	11.1425705
157	25.807634
158	3.9750588
159	30.131039
160	37.53557
161	49.67903
162	20.968693
163	7.430748
164	26.187513
165	13.190974
166	11.195545
167	10.231232
168	42.32483
169	14.170568
170	4.1257033
171	52.800262
172	22.801762
173	57.213703
174	7.063977
175	37.425507
176	34.480686
177	8.002307
178	48.98828
179	4.9801826
180	18.05607
181	45.860073
182	53.989452
183	56.279434
184	28.73693
185	10.793029
186	30.199028
187	4.9787717
188	19.893673
189	22.070118
190	4.198091
191	0.07071401
192	4.359432
193	20.709045
194	1.9554013
195	45.83192
196	27.214657
197	25.268106
198	4.476291
199	39.358234
200	37.07753
201	6.966242
202	49.651844
203	28.941542
204	24.206121
205	0.10990547
206	2.3435047
207	8.709893
208	17.513884
209	22.225283
210	13.447613
211	40.080376
212	13.831701
213	1.4061482
214	51.86505
215	38.242096
216	34.866253
217	27.062248
218	33.54673
219	44.792034
220	2.7750244
221	2.1538043
222	14.665225
223	10.947962
224	40.75551
225	9.707227
226	15.420333
227	39.680866
228	27.423462
229	4.7863836
230	5.9223332
231	7.2934294
232	6.8441725
233	36.075245
234	23.683147
235	14.093269
236	8.838002
237	11.076179
238	21.604513
239	19.658262
240	43.426357
241	9.906357
242	15.372282
243	4.279253
244	32.265102
245	34.73868
246	26.44628
247	13.655839
248	26.039751
249	23.203655
250	20.989208
251	7.58337
252	7.753707
253	42.084267
254	55.76811
255	56.30808
256	13.829443
257	34.90943
258	40.518307
259	31.648794
260	64.278015
261	3.7443597
262	38.276215
263	46.36847
264	34.355007
265	19.353086
266	3.842294
267	38.85788
268	23.627552
269	8.148256
270	22.026773
271	48.39282
272	43.99068
273	48.97518
274	8.447083
275	32.270363
276	8.85012
277	49.862972
278	25.534771
279	12.2995615
280	35.409805
281	64.898384
282	27.659275
283	37.158157
284	52.23591
285	52.82526
286	48.38866
287	9.671092
288	9.883588
289	49.993153
290	64.25094
291	33.170734
292	64.42326
293	34.443283
294	37.016132
295	44.434925
296	36.87284
297	28.925022
298	56.52805
299	23.003195
300	30.290442
301	38.69851
302	29.001896
303	40.436134
304	23.200394
305	8.250993
306	59.396557
307	24.57657
308	36.46845
309	6.6282396
310	36.786777
311	12.914118
312	29.602571
313	9.232645
314	60.633213
315	40.233074
316	16.907282
317	56.023552
318	22.884235
319	30.972046
320	47.745537
321	30.063543
322	7.63047
323	59.582306
324	35.251793
325	6.227167
326	37.659996
327	5.2863526
328	46.994633
329	26.270487
330	34.804653
331	54.805325
332	41.82031
333	43.830666
334	32.368763
335	26.937773
336	53.220947
337	31.777815
338	13.097916
339	33.143616
340	54.64118
341	42.30953
342	26.540277
343	61.509144
344	39.71189
345	40.037895
346	17.938473
347	31.387695
348	40.2007
349	9.052963
350	9.076477
351	21.961098
352	58.938347
353	6.4555025
354	57.56231
355	27.508377
356	6.6515417
357	25.477736
358	49.475113
359	3.3104215
360	62.375847
361	31.666687
362	2.3782673
363	27.244026
364	32.052387
365	19.959743
366	33.049587
367	34.36859
368	29.600016
369	38.220963
370	35.94641
371	29.265598
372	25.356274
373	21.85477
374	21.852755
375	42.42188
376	51.077324
377	39.80146
378	25.557684
379	39.4677
380	47.94516
381	48.72952
382	38.755924
383	27.597258
384	18.446247
385	24.547564
386	64.07831
387	24.801348
388	45.628277
389	27.431177
390	17.095572
391	16.627901
392	12.992254
393	51.78263
394	11.523888
395	20.678785
396	31.818115
397	10.040117
398	63.914673
399	49.90358
400	39.3943
401	14.477835
402	18.48353
403	9.431997
404	49.9078
405	29.347912
406	24.811836
407	20.24974
408	56.2393
409	55.11754
410	21.045628
411	16.622696
412	65.67595
413	44.421947
414	16.597027
415	43.829155
416	24.560602
417	27.478895
418	50.577095
419	41.703358
420	50.491825
421	34.764
422	25.64965
423	49.605125
424	18.1972
425	38.51843
426	29.758947
427	36.64974
428	40.105972
429	55.05037
430	33.003223
431	34.65241
432	35.62199
433	58.10766
434	7.6129875
435	10.722834
436	23.465248
437	16.409191
438	57.022675
439	39.116512
440	16.242243
441	13.132893
442	17.091452
443	14.9940195
444	39.314014
445	25.92477
446	12.572365
447	26.13018
448	20.248524
449	17.463587
450	48.208153
451	12.034254
452	55.413105
453	29.030104
454	31.51005
455	42.11222
456	45.90654
457	30.215912
458	22.277733
459	36.888016
460	18.648052
461	30.897583
462	9.7059
463	33.776997
464	54.835533
465	38.182938
466	42.48898
467	38.997307
468	4.1217995
469	17.85547
470	13.043905
471	25.501997
472	40.543583
473	40.708694
474	47.367985
475	33.17222
476	31.408865
477	43.43057
478	9.618977
479	51.87477
480	35.420418
481	20.041645
482	22.771233
483	16.85376
484	43.542873
485	4.9763026
486	30.178436
487	56.224022
488	35.6952
489	33.517586
490	36.41188
491	28.498566
492	54.876022
493	5.2725773
494	20.871143
495	39.932587
496	35.366787
497	53.542183
498	36.774433
499	31.243746
500	58.952904
501	47.351578
502	12.682077
503	3.013174
504	26.32052
505	20.020632
506	25.777988
507	38.866413
508	7.1835437
509	3.5275798
510	27.422634
511	43.14209
512	38.786583
513	21.425098
514	22.591581
515	52.75676
516	46.24271
517	30.784887
518	9.586795
519	20.847273
520	32.14663
521	24.194113
522	13.978014
523	12.310874
524	17.385979
525	46.72957
526	5.6273494
527	30.7771
528	27.502306
529	0.052432857
530	13.715517
531	27.661808
532	33.751934
533	1.4036977
534	38.306377
535	8.262537
536	55.52614
537	45.725952
538	17.0385
539	7.59221
540	44.882442
541	55.66237
542	15.905377
543	47.777042
544	31.245022
545	2.4656162
546	32.702557
547	27.42869
548	34.563347
549	3.1846082
550	0.49844855
551	15.287246
552	6.8932776
553	16.18543
554	8.134576
555	17.392666
556	28.172756
557	48.32885
558	38.504677
559	56.9565
560	43.34599
561	23.94754
562	46.249023
563	24.180614
564	22.150253
565	2.2935698
566	8.492472
567	1.0235112
568	7.6645284
569	32.243843
570	46.256332
571	20.302116
572	8.97492
573	44.054325
574	5.0467753
575	17.255774
576	18.97065
577	45.34601
578	19.858194
579	17.822805
580	44.575005
581	26.970638
582	15.468869
583	40.008736
584	15.462694
585	22.549326
586	34.77192
587	2.0272915
588	21.343376
589	56.998013
590	13.825805
591	18.730661
592	37.551903
593	3.0870953
594	3.726165
595	5.4915824
596	17.861235
597	23.675657
598	58.97543
599	58.81229
600	3.3983996
601	12.34646
602	53.420197
603	13.695253
604	0.15275921
605	36.252235
606	15.855713
607	6.8236175
608	57.927063
609	20.594805
610	54.402523
611	11.635986
612	9.086426
613	32.27662
614	38.606216
615	5.696514
616	49.307995
617	9.893362
618	29.871067
619	8.982132
620	32.27915
621	32.750103
622	30.635092
623	17.868824
624	30.320702
625	7.3253894
626	45.237377
627	18.36728
628	0.7823665
629	2.0147598
630	22.906506
631	7.935277
632	26.063562
633	29.562988
634	16.456375
635	5.6505427
636	26.33024
637	28.820833
638	47.71519
639	33.92661
640	3.5043721
641	37.746902
642	26.049295
643	53.146038
644	39.1859
645	36.27063
646	36.835274
647	8.442876
648	7.967031
649	44.66546
650	30.617683
651	13.146958
652	5.9549623
653	32.140884
654	7.408947
655	25.704666
656	23.303295
657	14.946524
658	12.112042
659	18.838367
660	23.920305
661	28.787693
662	45.12109
663	27.719475
664	47.95116
665	25.634214
666	12.288641
667	56.881783
668	2.387152
669	28.3288
670	29.383856
671	17.90217
672	22.271532
673	59.120564
674	35.73864
675	0.5603812
676	26.568954
677	4.142264
678	17.631428
679	6.76743
680	23.083769
681	8.969247
682	25.07203
683	9.076103
684	34.80588
685	11.848407
686	10.682074
687	37.255783
688	15.429011
689	12.484674
690	1.6260469
691	14.186682
692	6.7496376
693	40.353275
694	36.05345
695	24.238142
696	3.816059
697	29.010687
698	18.474232
699	34.802715
700	5.102765
701	30.184017
702	7.088478
703	33.28751
704	19.877127
705	6.2172112
706	27.360325
707	52.707634
708	7.481085
709	18.727638
710	0.10635494
711	30.219143
712	7.7073283
713	23.999884
714	2.1110353
715	23.815853
716	10.08154
717	54.394226
718	38.435566
719	50.58133
720	16.935017
721	56.391132
722	20.987688
723	44.979034
724	45.700172
725	35.447456
726	25.348707
727	16.550373
728	27.962132
729	26.67199
730	1.3564339
731	20.102331
732	5.3451176
733	53.122707
734	23.509062
735	21.563948
736	28.191315
737	26.825993
738	11.362807
739	6.870074
740	26.530352
741	52.427982
742	15.212937
743	16.22351
744	5.981676
745	14.909638
746	9.773415
747	30.338385
748	40.586193
749	35.81221
750	0.48129857
751	2.301805
752	21.656012
753	30.135712
754	19.039213
755	31.321377
756	28.434113
757	34.396152
758	28.504517
759	37.898476
760	31.598478
761	11.677648
762	3.2752528
763	46.775032
764	25.080736
765	2.3428888
766	5.1916018
767	51.335197
768	41.18428
769	29.783154
770	25.44472
771	5.9347286
772	23.951286
773	51.984142
774	45.474728
775	34.365906
776	26.807594
777	55.099003
778	5.178591
779	4.9746513
780	56.55335
781	26.309418
782	27.652456
783	17.134012
784	2.7949288
785	18.635195
786	24.052448
787	3.039336
788	11.797929
789	36.463398
790	22.150251
791	29.313549
792	39.3863
793	13.640458
794	7.439714
795	0.72329015
796	46.577538
797	43.137177
798	9.605451
799	19.726381
800	43.2992
801	36.23942
802	36.225258
803	13.027091
804	50.935234
805	3.5048685
806	31.981651
807	35.734524
808	23.376175
809	28.388353
810	15.248692
811	4.961532
812	37.693024
813	27.40973
814	16.649958
815	11.189794
816	14.955044
817	57.920216
818	10.963281
819	13.407832
820	20.974186
821	8.997896
822	10.357619
823	26.712196
824	33.02599
825	22.236294
826	10.558209
827	3.7219234
828	34.009792
829	4.1834874
830	18.300657
831	38.591194
832	51.381023
833	3.0243294
834	18.998589
835	38.858532
836	2.8629794
837	54.729916
838	36.015953
839	28.044117
840	40.65077
841	17.080431
842	29.571291
843	51.594433
844	21.530499
845	51.380344
846	19.143831
847	33.256992
848	46.21694
849	7.329839
850	13.633224
851	18.409939
852	41.698616
853	13.705501
854	27.137651
855	4.221666
856	37.685413
857	25.90067
858	42.04416
859	35.976063
860	23.002079
861	30.228971
862	49.59235
863	37.577652
864	35.194218
865	6.2073197
866	7.6004357
867	33.74115
868	1.9081657
869	18.525705
870	5.149237
871	26.950426
872	23.043
873	57.533978
874	11.213379
875	16.61464
876	4.037072
877	25.416077
878	38.37589
879	35.114002
880	32.85351
881	26.125555
882	17.721922
883	44.836315
884	27.140106
885	58.32511
886	33.814163
887	16.6789
888	36.550068
889	44.599777
890	4.7012415
891	17.924442
892	16.312675
893	44.78575
894	1.8274523
895	27.906094
896	8.948954
897	39.200325
898	32.025955
899	39.090904
900	3.061552
901	9.896242
902	11.644751
903	49.40678
904	16.405867
905	5.674687
906	18.401876
907	34.353268
908	31.114973
909	16.499157
910	48.473927
911	55.802925
912	25.154705
913	4.8593345
914	12.617333
915	28.691687
916	46.575344
917	4.8556814
918	58.19802
919	24.807322
920	9.992136
921	11.696207
922	20.37123
923	14.563011
924	41.298584
925	21.68655
926	33.18314
927	53.755795
928	23.568527
929	14.745757
930	22.919687
931	47.489624
932	54.982933
933	58.391113
934	25.9701
935	52.46256
936	31.359085
937	52.613483
938	59.090145
939	26.118223
940	36.060116
941	32.938465
942	6.329706
943	29.02938
944	19.928009
945	0.4698257
946	41.44281
947	24.255075
948	8.916148
949	29.39281
950	2.4261584
951	13.33034
952	24.94443
953	34.85608
954	57.74254
955	9.738551
956	31.222736
957	18.920242
958	17.320408
959	7.5331264
960	48.396027
961	30.346605
962	44.95201
963	23.139177
964	41.40973
965	36.313015
966	0.9626138
967	48.29699
968	2.5112357
969	22.794346
970	17.993546
971	12.3761425
972	32.966717
973	26.921541
974	2.401065
975	40.407574
976	13.745203
977	19.71611
978	9.304255
979	40.434807
980	9.937293
981	12.96041
982	29.93645
983	23.758638
984	10.920889
985	52.00853
986	15.2145
987	19.91432
988	32.7468
989	4.4290953
990	37.878403
991	12.59178
992	40.360348
993	14.032354
994	3.6569507
995	17.746504
996	7.7479553
997	28.574118
998	19.033749
999	27.805483
1000	4.754274
1001	5.790814
1002	38.739338
1003	29.151577
1004	13.339392
1005	22.220516
1006	33.357967
1007	25.519537
1008	31.34854
1009	5.080387
1010	39.69127
1011	9.695364
1012	38.682533
1013	1.0390573
1014	17.01906
1015	39.125046
1016	32.41742
1017	35.663845
1018	3.4422963
1019	40.914894
1020	57.061783
1021	43.006744
1022	49.014465
1023	55.04334
1024	39.991615
1025	59.86626
1026	4.421768
1027	30.25214
1028	13.277831
1029	2.572708
1030	32.16139
1031	54.030533
1032	14.408084
1033	50.854923
1034	38.048065
1035	4.638565
1036	55.69009
1037	9.899989
1038	50.849144
1039	28.20976
1040	47.75858
1041	10.059493
1042	38.646416
1043	35.61528
1044	58.02544
1045	25.122414
1046	45.791073
1047	40.265335
1048	44.05297
1049	20.189587
1050	37.71381
1051	14.685539
1052	42.451317
1053	40.116074
1054	0.53908056
1055	0.45516104
1056	57.91331
1057	28.745756
1058	10.611881
1059	3.0779176
1060	26.49645
1061	14.122418
1062	25.417639
1063	39.053967
1064	49.2
1065	7.896614
1066	33.825012
1067	4.26978
1068	53.86946
1069	26.63599
1070	49.80888
1071	37.814987
1072	1.347118
1073	38.757465
1074	16.56531
1075	40.783936
1076	52.95445
1077	23.108486
1078	54.728523
1079	14.587934
1080	50.3664
1081	30.752924
1082	9.606867
1083	44.353752
1084	53.727863
1085	46.829056
1086	39.951283
1087	36.10019
1088	1.8886338
1089	32.84987
1090	7.5532446
1091	18.2143
1092	26.896656
1093	6.1700525
1094	7.177832
1095	14.70887
1096	39.654327
1097	22.357635
1098	30.816978
1099	57.21978
1100	39.209248
1101	1.3057308
1102	11.126784
1103	35.612003
1104	9.342151
1105	53.642765
1106	5.4166646
1107	10.598204
1108	52.931076
1109	20.346918
1110	3.687074
1111	25.933954
1112	17.012386
1113	35.443462
1114	58.24201
1115	12.115193
1116	11.017789
1117	18.513433
1118	36.30496
1119	27.129105
1120	58.683758
1121	12.841431
1122	17.202587
1123	41.348854
1124	14.811216
1125	17.286303
1126	7.235924
1127	6.0421205
1128	22.294079
1129	26.226463
1130	33.309128
1131	48.23521
1132	32.125683
1133	33.84918
1134	45.907948
1135	29.858763
1136	23.009901
1137	11.521161
1138	39.39986
1139	59.964123
1140	9.909265
1141	39.98141
1142	3.8676667
1143	27.008062
1144	6.97103
1145	7.4322085
1146	30.912783
1147	27.418732
1148	34.095436
1149	5.4708667
1150	16.116516
1151	1.6589365
1152	29.508871
1153	59.952515
1154	14.701518
1155	36.31612
1156	12.959014
1157	34.45208
1158	13.616082
1159	30.62898
1160	22.663597
1161	3.4046814
1162	13.51018
1163	52.867928
1164	3.3710759
1165	9.879585
1166	23.365011
1167	18.035208
1168	0.3716607
1169	19.54229
1170	47.610435
1171	44.425056
1172	10.948522
1173	55.72796
1174	11.900606
1175	15.965888
1176	38.24454
1177	37.852016
1178	18.438063
1179	25.173653
1180	19.816069
1181	15.76883
1182	17.693073
1183	39.48389
1184	25.432892
1185	8.99544
1186	54.32139
1187	37.729992
1188	48.59032
1189	32.281136
1190	18.47276
1191	29.968939
1192	21.546278
1193	37.226265
1194	14.322834
1195	11.618276
1196	28.921406
1197	50.9576
1198	59.647076
1199	7.4932523
1200	47.010983
1201	56.876698
1202	56.373894
1203	20.532173
1204	12.518006
1205	36.434437
1206	57.332973
1207	17.692091
1208	16.736383
1209	6.627239
1210	20.88053
1211	0.42388576
1212	3.1975825
1213	51.02027
1214	31.514917
1215	58.909733
1216	58.8362
1217	45.994953
1218	28.993284
1219	1.0535823
1220	25.41046
1221	53.41041
1222	8.39112
1223	31.251749
1224	17.358929
1225	5.1587415
1226	50.21294
1227	23.981718
1228	39.65817
1229	2.4128084
1230	16.86956
1231	18.385124
1232	28.920277
1233	55.776703
1234	26.041405
1235	49.677902
1236	8.354016
1237	30.901266
1238	36.361942
1239	3.2335594
1240	34.40563
1241	10.880023
1242	3.7661424
1243	13.35256
1244	21.042133
1245	9.762627
1246	2.1517198
1247	40.632656
1248	39.754414
1249	25.60246
1250	38.812195
1251	34.566853
1252	1.8203574
1253	30.239618
1254	26.540014
1255	28.082798
1256	37.34214
1257	10.457548
1258	6.4914403
1259	25.622858
1260	3.1582246
1261	50.867455
1262	18.646038
1263	32.92429
1264	9.022364
1265	32.569954
1266	15.176199
1267	25.05584
1268	5.2123766
1269	34.903763
1270	33.621403
1271	8.299528
1272	45.83641
1273	39.263645
1274	59.37705
1275	11.531882
1276	18.560602
1277	56.249424
1278	0.31548047
1279	7.414313
1280	37.6449
1281	39.521408
1282	24.755484
1283	31.055157
1284	53.390507
1285	47.325077
1286	21.304317
1287	19.393929
1288	8.516662
1289	7.432558
1290	46.129967
1291	25.678173
1292	41.71829
1293	24.847195
1294	36.291286
1295	37.99044
1296	18.400654
1297	58.791836
1298	41.660236
1299	5.091852
1300	16.997526
1301	30.346693
1302	35.701397
1303	47.5348
1304	35.618046
1305	44.89163
1306	59.697132
1307	50.868523
1308	32.622154
1309	40.221687
1310	7.750593
1311	22.02026
1312	10.708549
1313	33.253036
1314	59.741264
1315	11.87272
1316	15.087182
1317	31.144764
1318	13.05177
1319	25.881845
1320	25.364231
1321	33.825016
1322	9.392298
1323	19.935713
1324	42.58273
1325	3.8013966
1326	9.728777
1327	12.242536
1328	25.298613
1329	20.575949
1330	23.001205
1331	23.748209
1332	4.305231
1333	22.626513
1334	39.143574
1335	46.81917
1336	36.59171
1337	28.376944
1338	10.801885
1339	29.321585
1340	28.774734
1341	14.004722
1342	59.894245
1343	3.2967386
1344	26.92977
1345	32.73535
1346	25.67128
1347	35.867992
1348	59.485813
1349	32.359066
1350	11.526667
1351	40.291748
1352	20.884678
1353	28.106068
1354	50.32402
1355	16.48666
1356	17.52253
1357	37.196598
1358	20.537176
1359	7.9286695
1360	7.729672
1361	20.435019
1362	14.119886
1363	2.0350664
1364	11.901659
1365	29.43819
1366	8.894047
1367	39.948997
1368	19.669844
1369	29.970352
1370	2.5817502
1371	48.384323
1372	33.248253
1373	6.0731487
1374	0.25395897
1375	24.670298
1376	31.602982
1377	21.53441
1378	56.109722
1379	33.117657
1380	21.810015
1381	57.304527
1382	12.445886
1383	39.594475
1384	30.770365
1385	35.724068
1386	50.587486
1387	23.452429
1388	4.9728904
1389	24.869446
1390	32.10864
1391	13.430711
1392	28.98356
1393	34.27372
1394	22.968004
1395	43.838802
1396	22.20851
1397	6.0292916
1398	58.936855
1399	50.51291
1400	29.334805
1401	9.580316
1402	20.601755
1403	14.858349
1404	33.764103
1405	19.844248
1406	39.79115
1407	26.926086
1408	37.637115
1409	31.728405
1410	37.435085
1411	55.697983
1412	19.341791
1413	49.613316
1414	50.13243
1415	19.571825
1416	51.260983
1417	33.86764
1418	39.32458
1419	27.313398
1420	55.02775
1421	9.215329
1422	2.4874964
1423	11.918991
1424	12.676909
1425	32.86749
1426	26.40639
1427	2.5158
1428	38.700718
1429	25.887506
1430	52.475956
1431	37.777267
1432	26.519268
1433	27.019556
1434	49.04204
1435	22.576782
1436	36.696346
1437	51.619373
1438	6.4522223
1439	38.1602
1440	55.374443
1441	13.536393
1442	32.491383
1443	57.32664
1444	54.83188
1445	25.485601
1446	7.4762573
1447	6.6630597
1448	33.57917
1449	3.8485584
1450	34.167652
1451	16.238106
1452	41.30197
1453	52.023895
1454	11.098082
1455	40.48565
1456	16.62225
1457	25.275549
1458	6.643489
1459	6.269584
1460	19.523708
1461	8.2302265
1462	16.39347
1463	33.431522
1464	19.986393
1465	25.071592
1466	27.066137
1467	33.874622
1468	19.823807
1469	2.0105543
1470	34.668938
1471	33.867046
1472	29.018517
1473	22.570198
1474	10.067307
1475	58.648422
1476	55.812675
1477	48.121784
1478	30.093777
1479	7.143147
1480	5.185731
1481	49.9969
1482	10.474496
1483	17.966925
1484	19.650337
1485	24.82192
1486	35.232
1487	7.2496853
1488	24.417868
1489	47.631023
1490	18.4144
1491	24.520561
1492	45.48884
1493	30.849216
1494	50.81769
1495	39.248325
1496	1.3524097
1497	1.3969363
1498	16.80912
1499	17.603336
1500	46.733147
1501	22.953001
1502	30.555285
1503	9.634691
1504	29.474224
1505	33.241043
1506	39.551952
1507	26.928455
1508	36.492676
1509	41.770077
1510	25.043446
1511	44.097977
1512	38.753345
1513	15.220287
1514	32.313305
1515	20.849957
1516	9.657092
1517	24.091858
1518	53.785877
1519	8.103595
1520	56.434574
1521	33.705936
1522	41.326706
1523	14.945038
1524	18.105742
1525	9.277622
1526	26.237572
1527	5.6276503
1528	40.616684
1529	48.05955
1530	41.762157
1531	13.629578
1532	12.770822
1533	31.883385
1534	8.70591
1535	10.679174
1536	39.953297
1537	17.227694
1538	36.33351
1539	39.01096
1540	23.669508
1541	7.983036
1542	18.180145
1543	30.044226
1544	31.149723
1545	47.874947
1546	31.84076
1547	56.58172
1548	11.36943
1549	23.063019
1550	14.960282
1551	10.137266
1552	13.571911
1553	34.00443
1554	47.06784
1555	58.03392
1556	23.173565
1557	3.0091264
1558	13.439535
1559	53.950012
1560	59.409576
1561	8.864082
1562	26.539148
1563	6.038456
1564	38.796814
1565	17.05584
1566	27.17804
1567	59.44532
1568	39.17839
1569	57.84952
1570	40.425438
1571	26.987595
1572	2.9479513
1573	12.249494
1574	41.886665
1575	30.549118
1576	2.8153791
1577	57.01244
1578	59.221466
1579	22.80701
1580	7.0410614
1581	7.390645
1582	4.2199554
1583	30.732573
1584	22.071777
1585	1.6713939
1586	7.1172495
1587	34.77553
1588	13.673306
1589	23.6819
1590	15.662411
1591	57.949444
1592	23.171999
1593	32.391212
1594	49.2189
1595	29.114307
1596	23.520088
1597	25.123625
1598	57.06827
1599	4.625115
1600	17.240892
1601	22.530357
1602	7.1976647
1603	35.75861
1604	54.458344
1605	28.91034
1606	56.06769
1607	22.955067
1608	46.27648
1609	6.3964734
1610	32.1382
1611	27.42166
1612	33.09392
1613	20.094437
1614	43.05972
1615	7.812225
1616	23.620457
1617	50.92268
1618	30.862312
1619	3.3121352
1620	57.648205
1621	43.98642
1622	22.817366
1623	52.930256
1624	33.53977
1625	2.368157
1626	30.400488
1627	51.54944
1628	25.933424
1629	10.612035
1630	16.870468
1631	8.197973
1632	36.977543
1633	49.598694
1634	51.85358
1635	19.528969
1636	39.53978
1637	9.027517
1638	25.550432
1639	19.87458
1640	48.846928
1641	51.91248
1642	23.007683
1643	39.638245
1644	25.630686
1645	43.032894
1646	27.092365
1647	21.098282
1648	59.827385
1649	60.629696
1650	16.837002
1651	6.3249335
1652	38.01472
1653	25.52087
1654	62.601105
1655	9.75748
1656	15.858095
1657	23.382664
1658	42.069527
1659	5.898756
1660	4.7665353
1661	11.456524
1662	60.43188
1663	40.73853
1664	28.76833
1665	15.777986
1666	15.550077
1667	20.226974
1668	30.613682
1669	28.713358
1670	32.72136
1671	10.657658
1672	1.5898601
1673	9.333797
1674	21.382994
1675	24.45923
1676	57.701218
1677	22.036547
1678	21.02977
1679	26.4486
1680	11.830193
1681	6.754515
1682	44.54356
1683	59.310867
1684	46.199074
1685	19.18416
1686	35.819695
1687	60.97503
1688	34.127182
1689	35.6414
1690	69.17166
1691	33.687084
1692	2.4467623
1693	6.67419
1694	11.799118
1695	48.42188
1696	12.001684
1697	44.47093
1698	21.23339
1699	33.422794
1700	11.893166
1701	36.603664
1702	37.174393
1703	13.158284
1704	30.636463
1705	16.145212
1706	34.6331
1707	21.484318
1708	14.892644
1709	35.699253
1710	2.7936451
1711	20.30188
1712	23.9395
1713	60.38243
1714	21.509073
1715	12.4984665
1716	25.545666
1717	12.297551
1718	64.844826
1719	35.462746
1720	26.411972
1721	26.536953
1722	38.583977
1723	9.04905
1724	46.192703
1725	58.808743
1726	42.38905
1727	35.200638
1728	8.8053255
1729	51.000587
1730	12.775716
1731	33.57773
1732	50.402317
1733	40.059353
1734	44.657337
1735	19.811531
1736	50.366547
1737	29.252783
1738	11.340484
1739	33.34445
1740	25.652145
1741	57.73997
1742	21.105026
1743	15.526421
1744	64.29264
1745	7.7031536
1746	34.69272
1747	34.833958
1748	37.820465
1749	27.399216
1750	44.114388
1751	16.649162
1752	25.218817
1753	18.796968
1754	36.959564
1755	44.88455
1756	15.6544
1757	33.86867
1758	54.051426
1759	25.009922
1760	44.18753
1761	33.68162
1762	10.870195
1763	60.01237
1764	60.609333
1765	36.684086
1766	18.178072
1767	11.242962
1768	15.85614
1769	39.594025
1770	50.90046
1771	9.285624
1772	56.738934
1773	22.547531
1774	7.2075667
1775	56.082233
1776	3.2558885
1777	16.741991
1778	52.55511
1779	25.56312
1780	28.507252
1781	23.645523
1782	22.847214
1783	19.803446
1784	65.0547
1785	33.355762
1786	16.439192
1787	16.439299
1788	49.525085
1789	36.91238
1790	52.818413
1791	60.178032
1792	39.307587
1793	14.084637
1794	41.669666
1795	15.04638
1796	22.57352
1797	42.8521
1798	59.203766
1799	21.269745
1800	47.174236
1801	21.504877
1802	60.35713
1803	15.835268
1804	19.824005
1805	39.31989
1806	46.425613
1807	39.831165
1808	7.3705654
1809	19.553253
1810	27.559982
1811	32.31958
1812	2.3925915
1813	21.80236
1814	47.98733
1815	31.953526
1816	42.27769
1817	40.551117
1818	58.26866
1819	23.071363
1820	11.062989
1821	40.96861
1822	5.9178123
1823	9.256045
1824	38.059547
1825	1.9031706
1826	36.26411
1827	10.001454
1828	11.301429
1829	46.89773
1830	47.247543
1831	36.55539
1832	28.384214
1833	36.276443
1834	16.935476
1835	12.603247
1836	17.232178
1837	59.71644
1838	10.049988
1839	32.95646
1840	36.83306
1841	56.218945
1842	36.24109
1843	41.0904
1844	20.421036
1845	24.348091
1846	21.832907
1847	20.11042
1848	10.868536
1849	19.787464
1850	52.273853
1851	12.434689
1852	22.605043
1853	45.789215
1854	33.14707
1855	24.51464
1856	22.15313
1857	53.144188
1858	24.667057
1859	30.787834
1860	10.251284
1861	39.386017
1862	43.81592
1863	19.821728
1864	42.430183
1865	40.54459
1866	11.495285
1867	11.514866
1868	46.9687
1869	12.242159
1870	36.452423
1871	16.472708
1872	40.893745
1873	27.671215
1874	40.394814
1875	18.847235
1876	12.188005
1877	37.493065
1878	53.89935
1879	29.85279
1880	25.20712
1881	35.36202
1882	25.44297
1883	40.811844
1884	11.786266
1885	40.075745
1886	59.299953
1887	35.694664
1888	25.418922
1889	22.094797
1890	22.836704
1891	51.21519
1892	44.660435
1893	7.710764
1894	27.37388
1895	56.4729
1896	4.1308627
1897	21.098276
1898	43.196297
1899	48.137703
1900	43.959377
1901	18.47058
1902	35.86355
1903	33.9766
1904	33.83017
1905	51.705788
1906	45.37565
1907	32.650375
1908	17.659277
1909	16.770615
1910	32.347218
1911	5.638752
1912	12.443651
1913	8.704766
1914	45.572243
1915	19.626278
1916	10.258844
1917	17.93016
1918	5.8138847
1919	8.79909
1920	54.911358
1921	30.836876
1922	7.6782513
1923	11.53944
1924	13.637465
1925	42.88383
1926	23.189117
1927	4.9457626
1928	33.469387
1929	13.766701
1930	34.392868
1931	60.814495
1932	19.463707
1933	35.31721
1934	42.532608
1935	7.4977837
1936	46.08099
1937	20.29773
1938	38.830578
1939	29.551075
1940	40.50573
1941	15.809632
1942	46.517838
1943	54.602955
1944	43.162106
1945	49.147324
1946	10.324101
1947	35.671494
1948	6.4376926
1949	17.202827
1950	40.820873
1951	4.1795664
1952	14.538801
1953	8.188571
1954	8.561413
1955	35.517986
1956	28.124687
1957	30.117252
1958	41.35467
1959	19.93695
1960	11.106546
1961	30.730978
1962	15.599439
1963	15.3259535
1964	63.390358
1965	40.43664
1966	17.877731
1967	42.59375
1968	22.679813
1969	26.079157
1970	39.96317
1971	42.98371
1972	39.272675
1973	44.203747
1974	34.522144
1975	39.20627
1976	62.22446
1977	49.68283
1978	37.996
1979	45.255554
1980	20.602516
1981	48.260303
1982	38.281868
1983	32.264557
1984	7.361971
1985	13.198311
1986	33.333626
1987	28.41343
1988	12.561712
1989	8.400694
1990	35.838078
1991	26.588947
1992	27.659767
1993	62.511753
1994	52.04065
1995	33.967667
1996	12.745303
1997	53.062172
1998	22.808725
1999	21.673523
2000	4.0160227
2001	10.351627
2002	35.63927
2003	10.938351
2004	53.164223
2005	27.289415
2006	31.987717
2007	60.3824
2008	38.127014
2009	13.406534
2010	33.596405
2011	41.248756
2012	16.13001
2013	47.185
2014	13.626524
2015	25.068394
2016	34.17328
2017	53.804405
2018	54.154625
2019	52.243782
2020	35.14922
2021	15.643502
2022	25.994144
2023	66.62329
2024	55.37989
2025	42.246433
2026	30.447714
2027	17.86729
2028	12.280801
2029	37.71407
2030	9.913071
2031	31.814083
2032	46.85218
2033	19.292704
2034	42.47189
2035	19.90643
2036	39.7626
2037	42.62072
2038	43.85582
2039	43.83791
2040	40.08931
2041	27.60382
2042	15.590633
2043	8.718896
2044	12.675655
2045	5.588019
2046	28.080948
2047	23.834776
2048	54.265633
2049	4.0788546
2050	29.047733
2051	22.460922
2052	37.6817
2053	30.497257
2054	17.1382
2055	21.65709
2056	65.81399
2057	45.678497
2058	43.17905
2059	38.074398
2060	12.959904
2061	41.52818
2062	40.362293
2063	7.93892
2064	48.553364
2065	64.74948
2066	32.152576
2067	16.875998
2068	35.822536
2069	26.05556
2070	34.205143
2071	22.739307
2072	15.415268
2073	11.781265
2074	14.083494
2075	22.108742
2076	21.531223
2077	2.3082256
2078	20.06576
2079	18.621193
2080	15.599791
2081	19.217339
2082	57.82892
2083	18.798267
2084	10.042833
2085	30.58273
2086	8.309775
2087	10.5226965
2088	15.32062
2089	54.558994
2090	25.737915
2091	49.854652
2092	35.289707
2093	4.291513
2094	53.539265
2095	55.925407
2096	23.075897
2097	3.3402193
2098	61.814266
2099	66.34213
2100	37.97048
2101	37.74873
2102	13.484224
2103	24.635067
2104	58.169983
2105	20.318727
2106	22.809734
2107	14.504663
2108	8.557096
2109	16.093424
2110	23.379066
2111	39.720627
2112	55.22804
2113	56.88217
2114	7.724785
2115	40.389378
2116	17.26146
2117	6.340333
2118	59.322678
2119	12.898674
2120	41.007378
2121	36.50986
2122	40.982357
2123	38.089504
2124	55.158634
2125	31.434977
2126	36.25515
2127	43.64096
2128	8.099628
2129	12.641208
2130	41.01464
2131	60.153267
2132	12.947281
2133	19.269615
2134	32.1241
2135	34.717945
2136	60.94835
2137	50.40521
2138	37.60469
2139	33.26424
2140	11.3970995
2141	34.63864
2142	10.218639
2143	60.47087
2144	33.737465
2145	9.400271
2146	23.881361
2147	53.532135
2148	45.01368
2149	40.10558
2150	9.81665
2151	43.56744
2152	43.3335
2153	56.651085
2154	36.868942
2155	55.963364
2156	65.50806
2157	15.977562
2158	52.57192
2159	45.11125
2160	26.902283
2161	31.578726
2162	40.87214
2163	28.158699
2164	31.136541
2165	25.678192
2166	50.60217
2167	19.845812
2168	39.48374
2169	30.064781
2170	27.832558
2171	27.205921
2172	12.235049
2173	50.084583
2174	8.549504
2175	33.461697
2176	27.03122
2177	13.777624
2178	55.991478
2179	32.528942
2180	15.243095
2181	31.21167
2182	41.005184
2183	56.080822
2184	9.672242
2185	35.61476
2186	18.897556
2187	48.524033
2188	20.798384
2189	5.407975
2190	43.760246
2191	22.738613
2192	16.300125
2193	6.6901817
2194	7.313323
2195	4.585656
2196	57.650234
2197	4.4252605
2198	60.23777
2199	9.987398
2200	57.145233
2201	19.62189
2202	45.99745
2203	9.494438
2204	36.501488
2205	45.433067
2206	30.65974
2207	59.49007
2208	53.4616
2209	53.143627
2210	49.312843
2211	47.686268
2212	5.7411714
2213	23.782885
2214	10.007971
2215	16.429125
2216	26.16091
2217	18.601402
2218	19.778572
2219	26.762978
2220	25.187733
2221	24.075962
2222	45.275642
2223	62.667236
2224	54.954674
2225	42.635166
2226	20.411177
2227	66.06062
2228	23.752804
2229	39.546917
2230	37.63673
2231	39.39923
2232	14.533661
2233	18.897718
2234	45.52612
2235	32.37653
2236	8.868067
2237	24.694199
2238	22.795979
2239	48.022087
2240	55.78259
2241	17.984745
2242	26.438156
2243	15.934771
2244	43.70758
2245	39.180397
2246	58.46134
2247	37.785053
2248	58.71122
2249	10.326967
2250	32.642685
2251	22.726305
2252	64.0873
2253	33.33483
2254	50.754322
2255	10.390976
2256	37.86913
2257	15.543656
2258	24.858253
2259	17.81771
2260	26.265152
2261	29.845007
2262	26.93863
2263	35.948875
2264	5.705669
2265	19.745825
2266	11.222756
2267	37.31702
2268	8.494826
2269	50.70328
2270	44.65828
2271	55.491
2272	8.044545
2273	45.582546
2274	55.272987
2275	27.883322
2276	17.166924
2277	19.58905
2278	5.6439476
2279	11.020178
2280	10.401672
2281	37.526794
2282	16.202389
2283	4.875924
2284	18.855133
2285	43.734283
2286	30.600996
2287	11.161887
2288	36.443348
2289	29.822987
2290	11.446543
2291	57.3765
2292	5.987508
2293	4.3263464
2294	51.203705
2295	46.923084
2296	24.84883
2297	26.796984
2298	13.231924
2299	60.106777
2300	42.942024
2301	45.34493
2302	14.434211
2303	33.876396
