0	57.376408
1	12.732722
2	49.762966
3	48.39383
4	26.446657
5	29.324375
6	14.879574
7	41.742245
8	33.94842
9	6.955177
10	65.844505
11	26.383612
12	18.408356
13	28.69804
14	60.59951
15	7.855906
16	7.478813
17	20.541029
18	18.387817
19	46.201603
20	9.328494
21	52.600792
22	27.854853
23	51.939934
24	39.3587
25	23.515669
26	22.243462
27	41.320415
28	19.204063
29	72.92533
30	15.38561
31	65.16449
32	38.998215
33	42.56886
34	46.020065
35	56.178158
36	37.92557
37	53.288536
38	9.929883
39	24.958809
40	26.576471
41	39.877705
42	62.50458
43	27.091171
44	7.6772084
45	11.54474
46	26.104616
47	37.120525
48	59.1168
49	20.712418
50	58.467503
51	17.74107
52	62.071693
53	32.95231
54	30.00539
55	13.926122
56	29.683844
57	34.35184
58	64.29149
59	45.43883
60	26.99049
61	35.113487
62	28.348957
63	65.89745
64	39.68601
65	35.526703
66	59.875187
67	25.114986
68	36.47812
69	29.47184
70	10.623459
71	25.697113
72	47.27515
73	3.3856058
74	37.491013
75	18.966103
76	35.95166
77	38.590534
78	29.831097
79	14.474574
80	31.250599
81	57.117767
82	28.846722
83	17.640165
84	13.932436
85	10.036909
86	43.255455
87	29.885931
88	43.032852
89	38.75211
90	41.008198
91	21.392792
92	37.35379
93	19.44006
94	43.318363
95	38.443466
96	19.967365
97	27.308338
98	38.919937
99	56.93869
100	22.77233
101	49.344795
102	14.403011
103	45.03374
104	40.447636
105	54.97078
106	53.15474
107	37.96043
108	54.202282
109	23.503271
110	30.863525
111	16.96695
112	75.52523
113	45.573128
114	49.72388
115	41.925125
116	48.694046
117	42.638824
118	26.409103
119	53.521843
120	38.105335
121	24.477287
122	40.558605
123	56.068565
124	12.545105
125	29.025677
126	20.956383
127	33.6361
128	35.805824
129	46.29866
130	39.57665
131	31.219578
132	27.573254
133	60.71381
134	51.16762
135	15.732144
136	35.84421
137	23.332153
138	55.55704
139	49.7443
140	63.665222
141	22.504372
142	19.013103
143	54.06288
144	71.06108
145	31.285854
146	41.51354
147	36.696117
148	58.93632
149	63.91236
150	29.087055
151	66.64187
152	11.387925
153	21.347425
154	57.88937
155	17.7611
156	37.582527
157	6.4527802
158	31.697903
159	37.00353
160	55.09517
161	44.797455
162	54.896183
163	18.054129
164	29.883883
165	30.039341
166	27.220285
167	18.239338
168	23.29821
169	56.421345
170	56.040565
171	57.513977
172	11.692497
173	13.876872
174	57.068203
175	54.536953
176	31.109146
177	27.404572
178	56.975227
179	52.662346
180	24.007511
181	61.22073
182	50.68479
183	47.797504
184	19.397947
185	44.695755
186	31.339075
187	39.8625
188	57.243217
189	31.279314
190	25.230413
191	40.4949
192	68.532555
193	6.892659
194	43.81904
195	67.84091
196	20.015167
197	34.67825
198	22.354868
199	50.064693
200	23.689642
201	13.9837
202	38.270435
203	38.16012
204	20.731083
205	77.36332
206	57.820934
207	42.544476
208	45.113403
209	46.778572
210	58.77357
211	24.347122
212	55.29617
213	27.02528
214	17.242498
215	27.37924
216	19.372086
217	35.872086
218	37.18196
219	66.81826
220	38.73372
221	47.719265
222	10.765664
223	37.2551
224	51.45456
225	79.198425
226	34.808628
227	52.76039
228	64.54605
229	44.369385
230	58.38778
231	21.626078
232	22.209549
233	57.170452
234	26.817503
235	68.43847
236	19.351093
237	48.77842
238	17.136429
239	46.13916
240	15.329292
241	37.534424
242	10.261721
243	50.729954
244	43.27849
245	59.09198
246	34.96708
247	61.278088
248	56.051914
249	14.443481
250	48.84072
251	37.878006
252	40.257984
253	48.401833
254	23.306898
255	29.339647
256	10.792691
257	21.549252
258	11.606987
259	71.85779
260	50.635426
261	38.477913
262	43.95364
263	45.80236
264	11.059019
265	20.162106
266	73.10251
267	25.874743
268	39.903263
269	40.413116
270	30.200333
271	55.863483
272	12.838056
273	7.7094994
274	31.073792
275	37.09565
276	33.043484
277	30.384657
278	18.096138
279	35.512466
280	23.917109
281	40.30337
282	23.129
283	27.832083
284	23.53708
285	40.852974
286	18.626041
287	45.837177
288	20.852337
289	10.320132
290	24.556889
291	42.52772
292	11.963282
293	13.698325
294	7.8477163
295	47.440212
296	37.72717
297	22.31471
298	6.9009323
299	24.72656
300	32.485435
301	49.632313
302	36.63692
303	28.257565
304	26.461233
305	24.943295
306	64.66472
307	49.421413
308	54.80484
309	16.249243
310	46.053814
311	49.812325
312	40.36041
313	38.584007
314	20.367477
315	24.930555
316	12.036943
317	25.969997
318	18.83721
319	32.49912
320	28.103676
321	21.07492
322	21.009052
323	49.45221
324	69.32053
325	20.809183
326	25.682804
327	22.444263
328	20.826271
329	19.42629
330	56.29383
331	15.333496
332	69.2553
333	18.20113
334	12.846179
335	53.082745
336	30.334084
337	25.734652
338	41.0925
339	45.182396
340	63.04138
341	42.468456
342	24.143585
343	31.110407
344	24.726074
345	10.25268
346	22.824247
347	59.238277
348	26.427662
349	30.280617
350	49.43496
351	59.145855
352	42.305584
353	10.796269
354	63.825485
355	24.595478
356	17.083752
357	15.981115
358	30.686808
359	65.06509
360	25.416418
361	57.4263
362	26.967545
363	18.415525
364	47.081688
365	18.98618
366	39.306427
367	17.16882
368	30.138178
369	6.6919317
370	37.22999
371	23.930004
372	13.784861
373	30.45942
374	34.721992
375	65.86045
376	30.851524
377	18.209553
378	51.1547
379	51.78487
380	66.33766
381	74.851456
382	48.570534
383	60.567223
384	45.016712
385	74.724495
386	1.8644959
387	51.055023
388	15.1222105
389	15.66712
390	9.290293
391	24.423626
392	26.690754
393	50.84605
394	25.703285
395	48.13324
396	49.310135
397	11.899361
398	28.273773
399	14.166496
400	18.636429
401	52.809845
402	70.539604
403	20.770926
404	35.607533
405	19.093266
406	19.190527
407	3.3687713
408	27.364347
409	16.477396
410	21.847809
411	52.11084
412	63.424118
413	42.52458
414	19.900087
415	59.564568
416	31.352833
417	49.73177
418	56.013412
419	7.8265276
420	26.613121
421	52.509174
422	50.738117
423	21.72551
424	20.443886
425	63.05578
426	26.189716
427	54.707558
428	37.55757
429	62.51731
430	37.08595
431	36.75576
432	62.120605
433	43.92925
434	50.47649
435	30.934162
436	57.90931
437	8.573652
438	22.245111
439	68.61017
440	26.091442
441	17.77649
442	48.183502
443	19.526085
444	42.72426
445	44.195812
446	22.233315
447	25.833582
448	28.864902
449	21.102476
450	32.530094
451	51.33372
452	24.363745
453	3.971008
454	50.490788
455	46.32029
456	51.598694
457	54.05942
458	30.817966
459	40.113075
460	42.53025
461	66.37757
462	49.01847
463	20.87944
464	65.77525
465	75.138504
466	19.599379
467	19.022293
468	10.514609
469	20.842043
470	47.596302
471	5.8422666
472	52.917225
473	12.944413
474	45.00704
475	18.052992
476	19.324448
477	70.70188
478	37.036236
479	30.66695
480	19.485725
481	43.335533
482	30.63684
483	25.43879
484	49.16588
485	19.803144
486	42.205353
487	53.111427
488	42.983494
489	28.766743
490	47.705856
491	31.1744
492	34.648743
493	43.54603
494	37.707355
495	34.315735
496	5.1248064
497	7.143612
498	54.819733
499	56.69629
500	48.58938
501	24.744595
502	48.454285
503	37.819622
504	40.163685
505	50.348488
506	19.980637
507	25.84482
508	25.949509
509	42.491096
510	9.11911
511	22.037926
512	29.971155
513	50.13275
514	48.24951
515	20.940971
516	20.662247
517	31.246786
518	32.431343
519	42.799362
520	34.186356
521	73.72016
522	5.7855277
523	20.765661
524	45.46
525	27.617523
526	11.71287
527	43.392967
528	5.84464
529	42.84715
530	28.375135
531	37.270588
532	70.91849
533	24.234325
534	68.54728
535	45.845753
536	13.033874
537	49.16681
538	45.636456
539	38.40475
540	44.733147
541	45.28191
542	8.405727
543	59.86655
544	39.21342
545	16.719374
546	36.432373
547	27.471691
548	62.89735
549	57.268913
550	27.228683
551	53.7851
552	27.238228
553	37.5875
554	34.34251
555	12.599653
556	22.958374
557	37.16751
558	45.745987
559	10.103279
560	14.389436
561	32.963665
562	28.8415
563	15.706741
564	30.022793
565	55.035095
566	28.691557
567	34.77732
568	38.170425
569	33.522064
570	41.572273
571	23.078823
572	45.225945
573	23.251732
574	8.656929
575	29.30645
576	16.594143
577	48.191154
578	78.29529
579	32.2193
580	51.625862
581	63.09
582	10.783785
583	77.7403
584	43.69937
585	37.89776
586	43.701736
587	57.34335
588	49.61717
589	17.105349
590	30.564104
591	56.552505
592	73.01262
593	43.22927
594	12.515408
595	29.642242
596	75.859604
597	42.91551
598	20.211735
599	43.509476
600	21.824146
601	25.980516
602	14.086337
603	15.335495
604	20.492775
605	16.791506
606	21.808311
607	47.18288
608	63.995407
609	71.46435
610	71.60968
611	60.901142
612	59.52374
613	9.2723055
614	30.928429
615	42.029846
616	56.189194
617	22.243612
618	59.26449
619	49.256393
620	41.157536
621	16.350435
622	65.43445
623	49.68975
624	28.229668
625	72.41198
626	27.846273
627	28.912495
628	37.840797
629	11.236871
630	23.209791
631	62.220207
632	37.522793
633	25.841293
634	23.37934
635	14.063669
636	39.875458
637	49.83893
638	19.827219
639	22.879059
640	54.178066
641	47.36956
642	20.690006
643	3.5304513
644	19.10045
645	34.927925
646	63.42078
647	35.49363
648	12.602818
649	60.542683
650	22.798145
651	40.684242
652	25.28129
653	9.122983
654	46.66127
655	42.363907
656	26.099943
657	55.034904
658	14.232751
659	49.035835
660	36.59064
661	40.314865
662	34.506165
663	38.62173
664	32.003113
665	39.647743
666	40.158768
667	10.964003
668	28.108847
669	71.86953
670	64.301796
671	52.79512
672	26.694702
673	29.273655
674	72.711395
675	30.56577
676	47.750324
677	60.393227
678	16.940937
679	29.334316
680	4.539544
681	52.099724
682	17.926922
683	47.536987
684	27.198936
685	27.404518
686	14.0798855
687	22.377607
688	40.52861
689	77.72277
690	7.530369
691	75.92777
692	22.721775
693	59.736538
694	62.960243
695	22.964252
696	39.678745
697	20.739227
698	24.051514
699	14.4550705
700	67.376854
701	45.149837
702	45.05126
703	19.373497
704	18.306534
705	28.041033
706	44.126003
707	30.103312
708	19.90082
709	33.04887
710	19.92146
711	49.63112
712	6.513439
