0	42.11427
1	43.136204
2	44.841557
3	45.12554
4	45.732647
5	46.928764
6	48.63981
7	49.297115
8	50.283737
9	50.76547
10	50.830086
11	51.939587
12	53.314194
13	53.939957
14	55.04538
15	56.440136
16	57.74261
17	59.00127
18	60.05031
19	61.08621
20	62.491943
21	63.768333
22	64.96088
23	66.7896
24	67.27245
25	69.01947
26	70.8587
27	71.271484
28	73.12715
29	74.59704
30	76.07842
31	77.34662
32	78.23285
33	79.21716
34	80.505165
35	80.51757
36	82.21516
37	82.22961
38	83.02311
39	84.50686
40	85.32676
41	86.85842
42	87.20903
43	89.08359
44	89.52588
45	88.52781
46	86.83973
47	85.18176
48	84.19329
49	82.23571
50	80.947174
51	80.02109
52	79.52848
53	78.182945
54	76.78974
55	76.19245
56	74.7147
57	74.57358
58	74.009926
59	73.47461
60	71.48692
61	69.67842
62	68.73405
63	68.20944
64	67.432365
65	65.76221
66	64.52543
67	64.04617
68	62.63857
69	61.88833
70	60.446224
71	59.780838
72	57.94096
73	57.39858
74	57.36588
75	57.198532
76	56.821022
77	54.938316
78	54.895527
79	53.11113
80	51.16383
81	51.11227
82	49.416832
83	47.555355
84	45.956886
85	47.145916
86	47.732918
87	48.456142
88	49.116413
89	49.57405
90	49.979797
91	51.164806
92	52.200302
93	54.00866
94	54.976852
95	56.862675
96	58.78853
97	60.740738
98	62.68019
99	62.99336
100	63.068264
101	64.70513
102	66.18383
103	67.37414
104	69.089714
105	70.540245
106	71.62574
107	73.413826
108	75.19477
109	75.611115
110	76.724
111	77.55754
112	78.406136
113	79.69021
114	79.87256
115	81.1282
116	82.29066
117	84.14855
118	85.03354
119	86.36368
120	88.11402
121	90.05378
122	90.26123
123	90.98928
124	92.36578
125	90.76221
126	89.60343
127	87.910675
128	86.90375
129	86.60486
130	85.933
131	84.25165
132	84.19674
133	82.58369
134	81.963936
135	81.39549
136	79.87286
137	78.25263
138	77.89239
139	76.24753
140	75.50557
141	74.70825
142	73.56665
143	72.39463
144	70.47261
145	68.952095
146	67.250206
147	65.87926
148	64.008835
149	62.076603
150	60.900196
151	59.593616
152	57.86495
153	56.388676
154	54.959583
155	53.04298
156	52.339985
157	51.813366
158	51.00795
159	49.983955
160	49.69791
161	48.903625
162	48.190056
163	47.978962
164	47.330765
165	48.59624
166	49.670074
167	49.775734
168	51.000153
169	51.10571
170	51.507812
171	52.819115
172	53.19191
173	54.62811
174	55.072556
175	54.553482
176	52.553566
177	51.83514
178	51.355877
179	49.587357
180	47.59805
181	45.630756
182	45.58223
183	44.957664
184	44.376675
185	43.446953
186	41.64139
187	39.770958
188	39.585815
189	39.54658
190	37.57847
191	37.141827
192	35.157288
193	34.45192
194	32.78872
195	32.48742
196	30.552729
197	29.62535
198	28.809288
199	27.366617
200	25.485518
201	24.44592
202	24.278122
203	23.579144
204	24.412546
205	24.451694
206	25.68539
207	27.185482
208	28.423141
209	30.269894
210	31.548111
211	32.806175
212	33.853817
213	35.38416
214	36.16138
215	37.200733
216	38.236748
217	40.07062
218	41.67966
219	41.994377
220	43.75334
221	45.065186
222	46.062126
223	46.698734
224	48.25969
225	49.007824
226	49.53691
227	49.654114
228	49.87834
229	51.69515
230	52.73219
231	53.187183
232	53.648106
233	54.879074
234	55.09048
235	55.150787
236	56.706715
237	58.54063
238	59.182568
239	59.84875
240	60.49303
241	61.36683
242	61.851536
243	63.638195
244	64.02594
245	64.517944
246	65.966194
247	66.85073
248	68.33018
249	68.8319
250	69.173996
251	70.86146
252	71.53614
253	71.94172
254	73.83537
255	75.07573
256	75.41839
257	76.7885
258	77.25175
259	78.000275
260	78.54819
261	80.000885
262	81.426476
263	81.727036
264	83.01912
265	83.33568
266	84.50043
267	84.631744
268	85.14093
269	85.28916
270	86.93134
271	87.082146
272	88.87532
273	90.395584
274	92.08854
275	92.82236
276	93.37696
277	94.89738
278	96.30375
279	97.53383
280	97.82318
281	99.49498
282	29.272655
283	30.065302
284	30.120926
285	31.711117
286	32.38172
287	32.786167
288	34.720802
289	36.041183
290	37.171963
291	37.372032
292	38.20288
293	39.58565
294	40.136948
295	40.2812
296	40.825996
297	41.590645
298	43.527775
299	45.14944
300	45.92524
301	47.25461
302	48.92147
303	49.232677
304	50.97802
305	52.300823
306	52.348747
307	52.983017
308	54.828857
309	54.924206
310	55.576702
311	56.40227
312	56.933784
313	57.295033
314	57.762238
315	59.375004
316	60.930424
317	62.364574
318	63.60027
319	65.33861
320	66.81143
321	68.70472
322	69.76964
323	70.421974
324	70.57334
325	71.72199
326	72.33429
327	73.523384
328	73.80132
329	73.81915
330	75.53299
331	76.288086
332	76.858696
333	77.98545
334	78.27215
335	80.11753
336	81.08119
337	82.763504
338	84.17893
339	84.85407
340	86.766884
341	88.44794
342	88.502235
343	90.42061
344	90.18804
345	88.18879
346	87.93694
347	87.512596
348	87.23594
349	86.16206
350	85.17235
351	83.248215
352	82.915375
353	82.37061
354	81.490456
355	79.73533
356	78.061455
357	76.14988
358	74.41426
359	74.09097
360	73.239174
361	72.21285
362	72.053474
363	71.94603
364	71.40914
365	71.2252
366	69.77223
367	67.81658
368	67.663376
369	67.0424
370	66.8077
371	66.75338
372	64.88316
373	64.72852
374	62.736855
375	61.384174
376	60.291435
377	59.800232
378	59.11594
379	57.454575
380	56.879616
381	56.089424
382	54.640537
383	52.931557
384	51.14732
385	50.96143
386	49.372047
387	49.195843
388	48.98987
389	48.936253
390	47.89276
391	47.52255
392	47.137863
393	47.038143
394	45.573746
395	45.066032
396	44.748844
397	44.012035
398	42.846436
399	42.166824
400	40.719276
401	39.384594
402	39.04784
403	38.03641
404	37.550365
405	36.85901
406	36.1355
407	35.535183
408	33.66302
409	33.215614
410	32.84113
411	31.340479
412	30.416365
413	30.24558
414	29.151865
415	28.805138
416	27.239874
417	26.77159
418	24.874628
419	24.732084
420	23.741802
421	22.008278
422	21.952682
423	21.637814
424	20.906172
425	19.885763
426	19.664005
427	19.346615
428	18.036934
429	18.002077
430	16.338306
431	15.448262
432	13.451166
433	12.084679
434	10.283833
435	8.764758
436	8.563318
437	6.7274485
438	5.716063
439	5.006331
440	4.4395537
441	3.2276711
442	2.1284547
443	0.7534696
444	0.63507193
445	10.190513
446	8.581351
447	7.6213737
448	6.9993205
449	5.9074554
450	5.2384043
451	4.375003
452	3.5730925
453	2.8647578
454	0.933972
455	0.6506382
456	8.4478245
457	6.8442454
458	6.16847
459	4.432715
460	4.391608
461	2.9428415
462	1.8028227
463	0.24708092
464	23.482258
465	23.002731
466	22.582083
467	21.318003
468	21.024162
469	19.298103
470	17.944653
471	17.470007
472	17.175896
473	17.082054
474	17.602802
475	17.946306
476	18.545582
477	19.155376
478	19.2123
479	20.333889
480	20.637815
481	20.956034
482	22.083344
483	22.647179
484	24.231062
485	24.435078
486	24.89876
487	26.797295
488	27.057072
489	27.998217
490	29.243744
491	30.80352
492	32.236103
493	32.76833
494	33.56281
495	33.67673
496	34.977894
497	36.200645
498	36.204018
499	36.211346
500	37.95076
501	38.11014
502	38.652805
503	38.997547
504	40.92432
505	41.75196
506	42.706444
507	42.711796
508	44.411934
509	46.145496
510	46.363297
511	48.21034
512	49.463852
513	50.447
514	50.985115
515	51.618217
516	53.087734
517	54.529427
518	54.70859
519	56.600273
520	58.595478
521	58.950542
522	59.830116
523	60.640675
524	61.595463
525	62.05887
526	63.810337
527	65.31464
528	66.410866
529	68.064964
530	69.68921
531	71.61576
532	73.02906
533	74.07082
534	75.348366
535	76.86121
536	77.16429
537	77.24653
538	77.81244
539	79.48461
540	79.84568
541	80.149734
542	80.8309
543	81.8946
544	83.44234
545	85.07906
546	85.619705
547	86.02168
548	87.322296
549	89.238144
550	90.91838
551	91.81059
552	91.951035
553	90.33553
554	90.06018
555	88.4024
556	88.3703
557	86.4701
558	86.02765
559	84.21849
560	83.51641
561	82.63046
562	82.294655
563	82.12729
564	81.52627
565	80.2944
566	79.90284
567	79.79318
568	78.92812
569	77.20243
570	76.63031
571	75.892456
572	75.02803
573	74.15897
574	73.92911
575	73.59329
576	72.6563
577	70.76955
578	69.56341
579	68.84425
580	67.847626
581	67.84576
582	67.40493
583	65.586525
584	64.29923
585	62.364037
586	61.229515
587	59.582054
588	59.33974
589	58.59445
590	57.83925
591	56.367786
592	56.115726
593	54.464775
594	52.84363
595	52.129482
596	50.994404
597	50.816254
598	49.95289
599	49.444057
600	48.941647
601	47.60474
602	46.845703
603	45.29128
604	44.710453
605	44.469913
606	44.387836
607	43.99765
608	43.924007
609	43.892708
610	43.76965
611	43.577824
612	43.159237
613	43.089558
614	43.016235
615	41.38733
616	41.14293
617	39.86369
618	37.889683
619	37.490303
620	35.818817
621	35.63483
622	34.120747
623	33.611935
624	33.56367
625	31.968807
626	31.805304
627	30.464855
628	29.610058
629	28.891705
630	27.596376
631	25.679686
632	25.635923
633	24.279783
634	23.445274
635	23.018332
636	21.477058
637	20.885796
638	19.082598
639	18.029373
640	16.64891
641	15.867798
642	14.723433
643	13.427317
644	11.683165
645	11.616622
646	10.379663
647	9.642536
648	8.395977
649	7.1846004
650	7.140433
651	5.338213
652	4.910676
653	3.0091798
654	1.8245543
655	1.4561945
656	0.30388176
657	47.4644
658	45.95427
659	45.467785
660	45.09852
661	44.764145
662	44.474743
663	44.050327
664	42.73615
665	41.084206
666	39.591335
667	39.16965
668	38.46958
669	38.266758
670	36.74191
671	35.333385
672	35.04812
673	34.606415
674	34.002144
675	33.11721
676	31.47546
677	29.83243
678	29.157492
679	28.843765
680	27.11566
681	25.670767
682	24.608398
683	22.87288
684	20.892376
685	19.528797
686	19.458385
687	19.17549
688	18.515343
689	16.772387
690	16.533722
691	15.211828
692	13.34415
693	12.968308
694	11.23067
695	10.809936
696	8.887664
697	7.44819
698	5.7402296
699	5.4317474
700	3.748216
701	1.8781757
702	1.3580751
703	0.29931593
704	51.08876
705	50.09412
706	49.512833
707	48.17554
708	47.32647
709	46.67256
710	45.395016
711	44.276016
712	42.84955
713	42.52615
714	41.042736
715	40.521496
716	40.36081
717	38.87383
718	37.578465
719	36.208424
720	36.025524
721	34.831203
722	33.26847
723	32.790092
724	32.1009
725	30.983273
726	29.243279
727	27.301527
728	25.91692
729	25.335566
730	24.206802
731	22.641333
732	24.462927
733	25.500832
734	25.777168
735	27.24523
736	27.899591
737	28.528519
738	30.393026
739	31.80833
740	32.35971
741	33.972824
742	35.542637
743	37.35491
744	38.131863
745	39.381557
746	40.358803
747	40.419033
748	40.65365
749	42.13363
750	42.653538
751	43.641094
752	45.43181
753	46.617367
754	48.49865
755	49.962696
756	51.136635
757	52.76093
758	53.05717
759	53.750874
760	54.6316
761	56.061546
762	56.32258
763	57.90216
764	58.92195
765	59.636166
766	61.25123
767	62.917965
768	61.659683
769	60.930153
770	60.102802
771	59.726093
772	58.618145
773	57.988773
774	56.01389
775	54.569595
776	52.89274
777	52.797764
778	50.938847
779	49.471546
780	48.423603
781	48.035706
782	47.74488
783	47.09025
784	45.651474
785	44.421555
786	43.70382
787	43.080826
788	41.54989
789	40.37439
790	38.88607
791	38.696873
792	38.444645
793	37.43929
794	36.30434
795	35.973316
796	35.395596
797	33.723774
798	32.9572
799	31.779047
800	30.906519
801	29.591429
802	29.146765
803	29.133455
804	27.139135
805	26.654453
806	25.871803
807	24.505836
808	23.929598
809	23.401138
810	23.074533
811	22.372536
812	21.540524
813	21.278608
814	20.539536
815	18.855219
816	18.020288
817	16.478376
818	14.6846285
819	13.322386
820	13.204415
821	12.243736
822	11.466251
823	11.377021
824	9.660045
825	8.533377
826	7.0635867
827	5.9416122
828	3.9540124
829	2.4957066
830	2.471796
831	1.4376572
832	1.2909856
833	31.506456
834	30.26368
835	28.668364
836	26.89412
837	26.22755
838	26.002712
839	25.175734
840	25.00133
841	23.615665
842	22.299322
843	21.229107
844	20.872183
845	19.187845
846	18.90503
847	17.740454
848	15.892348
849	14.806666
850	14.496837
851	12.882126
852	12.0206585
853	10.718371
854	9.430995
855	9.194041
856	9.074697
857	8.192421
858	8.412712
859	9.28719
860	9.301228
861	10.067973
862	11.804425
863	12.725723
864	13.210705
865	14.055569
866	14.614395
867	15.541979
868	17.220388
869	18.43397
870	18.738329
871	19.151085
872	20.268372
873	22.186846
874	22.65969
875	24.046776
876	25.848616
877	25.902328
878	27.404264
879	27.863873
880	27.946053
881	28.6753
882	29.78421
883	31.287231
884	31.598072
885	32.077053
886	33.313354
887	35.053185
888	36.318855
889	36.957767
890	37.525085
891	39.516808
892	40.26226
893	41.929226
894	43.39262
895	44.78666
896	45.02276
897	46.724052
898	47.59476
899	47.96694
900	49.66119
901	51.31522
902	53.057823
903	53.224102
904	53.49903
905	53.86944
906	55.776432
907	56.94938
908	58.27643
909	59.617664
910	61.267765
911	61.684128
912	62.34231
913	62.99092
914	63.764267
915	64.15831
916	64.52822
917	65.617065
918	67.30218
919	68.59904
920	69.252815
921	70.33255
922	70.76648
923	70.834435
924	72.041145
925	73.286156
926	73.775566
927	74.51176
928	75.2548
929	76.53711
930	77.091156
931	78.13784
932	79.8424
933	78.95292
934	77.094955
935	76.2688
936	74.787094
937	73.40646
938	72.6558
939	71.91613
940	71.32486
941	70.395004
942	69.69412
943	68.210205
944	67.483734
945	67.05615
946	66.55157
947	66.48588
948	66.0794
949	65.727036
950	65.03964
951	63.425106
952	63.11248
953	62.847675
