0	15.375772
1	15.092847
2	13.403881
3	12.338494
4	10.797174
5	8.834538
6	6.838459
7	5.381051
8	5.169747
9	4.6883655
10	2.9649475
11	1.3446002
12	0.37127152
13	45.81851
14	44.656284
15	43.64202
16	42.845352
17	42.00535
18	41.532944
19	41.421097
20	39.50261
21	39.059902
22	38.345444
23	37.76378
24	37.68994
25	36.606842
26	35.25958
27	33.354446
28	32.478016
29	31.188812
30	30.07353
31	29.328045
32	27.733116
33	26.91684
34	26.572815
35	25.060484
36	24.274048
37	22.359406
38	21.436169
39	19.548397
40	17.591406
41	15.964044
42	14.619482
43	12.809269
44	12.615817
45	10.937942
46	9.486732
47	8.16045
48	8.050579
49	6.782572
50	6.128379
51	4.367622
52	3.4737282
53	1.5042913
54	1.2837219
55	13.099779
56	12.7244625
57	11.108697
58	10.556667
59	10.19624
60	9.95495
61	8.921338
62	7.614757
63	7.385747
64	5.794171
65	5.408697
66	3.9402635
67	2.218698
68	0.24885187
69	57.99495
70	56.946945
71	55.689022
72	54.337025
73	54.147434
74	53.449543
75	52.045517
76	51.61069
77	49.84717
78	48.06958
79	46.512672
80	46.23349
81	45.780342
82	44.6973
83	44.426495
84	44.18553
85	43.5305
86	43.132633
87	42.57072
88	42.21586
89	40.61099
90	38.674633
91	37.380405
92	36.037434
93	35.666927
94	33.979973
95	32.890656
96	32.491287
97	32.20845
98	30.990398
99	29.17395
100	28.722126
101	28.050991
102	27.975025
103	27.201786
104	27.004848
105	26.78298
106	25.447046
107	24.305763
108	22.792673
109	22.559502
110	22.289047
111	21.03168
112	19.162703
113	17.186022
114	16.62466
115	15.402304
116	15.382029
117	14.238064
118	12.294156
119	10.607886
120	9.473153
121	7.4895716
122	6.6582675
123	5.068823
124	3.1102521
125	2.1214724
126	0.36810398
127	19.321028
128	18.365757
129	17.890673
130	16.716055
131	16.69499
132	15.010913
133	14.268564
134	13.7498045
135	13.177513
136	12.867396
137	12.535165
138	11.66875
139	10.818297
140	10.763013
141	10.531969
142	9.518733
143	8.1582155
144	7.054197
145	6.9593077
146	6.942398
147	6.3305044
148	6.3161283
149	4.8579273
150	4.8133984
151	4.465658
152	3.0866997
153	1.9666868
154	0.008597016
155	38.461693
156	38.358532
157	36.53738
158	35.03861
159	33.734272
160	33.452126
161	32.79581
162	31.795109
163	31.745977
164	30.037983
165	28.537735
166	26.935333
167	26.087128
168	25.767973
169	25.614452
170	24.376474
171	23.217468
172	22.618877
173	22.104418
174	21.848467
175	20.39943
176	19.097801
177	18.664845
178	17.38419
179	17.107098
180	15.34963
181	15.247381
182	14.509159
183	13.21606
184	11.955017
185	10.977995
186	10.452824
187	9.2074995
188	7.951109
189	6.8743334
190	6.004893
191	5.3659925
192	5.2526426
193	3.254011
194	2.8332603
195	0.8366489
196	0.7442464
197	0.6071971
198	52.16578
199	51.887276
200	50.40454
201	48.659275
202	47.883644
203	46.357906
204	45.24074
205	43.940998
206	42.26018
207	41.96407
208	41.950684
209	41.334316
210	40.089787
211	39.703674
212	39.455536
213	38.800297
214	37.355957
215	36.758766
216	36.51133
217	35.949963
218	34.09358
219	32.18197
220	31.031042
221	30.693338
222	28.795544
223	27.339884
224	27.052004
225	27.035515
226	26.018847
227	25.096754
228	23.410166
229	21.909418
230	20.658018
231	20.53436
232	19.995258
233	19.747421
234	18.166147
235	16.816523
236	15.273366
237	14.306457
238	13.816257
239	12.619103
240	12.575923
241	12.073768
242	11.908313
243	10.358923
244	8.466681
245	8.392952
246	7.639639
247	7.267467
248	6.3106456
249	6.2624445
250	6.1690187
251	6.167806
252	6.08645
253	4.165333
254	2.8279226
255	0.85401607
256	22.474825
257	21.534014
258	21.27691
259	19.539566
260	17.586895
261	16.614548
262	15.104803
263	13.286462
264	11.914979
265	10.931482
266	10.609078
267	9.941881
268	8.037505
269	6.5819035
270	6.4970865
271	6.2154984
272	4.5570903
273	3.3957076
274	1.5683553
275	0.5615958
276	2.607145
277	2.2902644
278	1.8235103
279	1.7884756
280	1.5662007
281	0.29963723
282	0.0693711
283	0.01253327
284	32.028088
285	31.727205
286	29.915392
287	28.74953
288	28.584442
289	27.888126
290	25.998814
291	25.834696
292	24.93812
293	24.034
294	23.993023
295	22.783625
296	22.738338
297	22.624163
298	22.588482
299	20.980804
300	20.501034
301	18.831062
302	17.47264
303	16.729223
304	14.9172945
305	13.066264
306	12.779954
307	11.23423
308	10.868564
309	9.64653
310	8.634905
311	8.59029
312	7.5128436
313	6.7003613
314	6.677116
315	5.0975556
316	3.569048
317	3.3467088
318	3.127358
319	2.3424168
320	1.9332032
321	1.4159553
322	0.6521778
323	0.20412359
324	37.246593
325	37.190014
326	35.612415
327	34.734478
328	34.55255
329	34.415794
330	32.906113
331	32.751854
332	31.940712
333	30.236618
334	29.292562
335	28.950474
336	27.02811
337	26.555239
338	24.739532
339	23.331224
340	21.991264
341	21.879725
342	20.530088
343	18.533863
344	17.010096
345	16.02752
346	15.332619
347	14.434329
348	12.820064
349	12.524893
350	11.482328
351	11.240036
352	10.880429
353	10.275466
354	8.647759
355	7.729472
356	6.7442822
357	6.1513305
358	5.5885572
359	5.3936944
360	3.5867465
361	2.667672
362	1.506721
363	0.37429723
364	54.14614
365	52.48616
366	51.37075
367	50.492138
368	50.389824
369	49.816277
370	49.769924
371	49.39213
372	48.953564
373	47.8975
374	47.210804
375	46.028934
376	45.847443
377	45.325478
378	44.262768
379	42.422245
380	41.73501
381	40.403786
382	38.64859
383	38.129704
384	36.5626
385	36.452366
386	34.900555
387	33.000244
388	33.081524
389	33.261803
390	34.985054
391	36.76981
392	38.01112
393	39.824116
394	40.953213
395	42.013157
396	43.074413
397	44.238403
398	45.02052
399	45.105354
400	46.651947
401	47.046825
402	48.456573
403	48.537163
404	49.74832
405	51.54468
406	52.597485
407	53.379887
408	54.282887
409	55.951668
410	57.642704
411	58.12545
412	59.660324
413	61.225765
414	61.78933
415	62.07168
416	63.954174
417	65.14139
418	65.18539
419	65.926414
420	67.22364
421	68.82853
422	70.40975
423	72.04748
424	72.40128
425	73.37888
426	74.76764
427	74.99089
428	76.901566
429	78.22824
430	80.19565
431	81.43243
432	83.10759
433	84.897835
434	85.53144
435	85.799065
436	85.98484
437	87.94648
438	88.0414
439	88.44121
440	89.63365
441	90.82119
442	92.54452
443	93.69666
444	93.79615
445	94.97646
446	95.62292
447	96.54939
448	98.50277
449	98.61882
450	100.24371
451	101.24195
452	102.29269
453	104.209656
454	105.27242
455	106.27388
456	107.630646
457	108.10658
458	110.05158
459	110.76488
460	111.38394
461	111.7646
462	112.45663
463	112.58963
464	113.31298
465	113.71277
466	114.0993
467	114.89066
468	115.20084
469	115.44798
470	115.56014
471	117.353294
472	119.1229
473	120.14221
474	120.188675
475	121.78308
476	123.37435
477	123.98928
478	125.15543
479	126.40221
480	126.52099
481	128.11893
482	129.8869
483	131.36978
484	131.78864
485	132.67012
486	134.1081
487	135.7223
488	137.13818
489	138.00197
490	139.80003
491	140.06242
492	141.6312
493	142.4762
494	144.16687
495	145.77975
496	145.87648
497	146.7277
498	147.72018
499	147.8803
500	148.59503
501	149.13705
502	150.38048
503	150.85808
504	152.2819
505	152.651
506	153.73013
507	153.76987
508	155.14178
509	157.12889
510	157.83443
511	159.74962
512	161.14868
513	162.9469
514	164.6148
515	165.46335
516	166.18828
517	166.30884
518	167.10304
519	167.13008
520	168.79198
521	169.73128
522	169.79805
523	171.52827
524	172.2556
525	173.60814
526	174.50893
527	174.89973
528	176.56757
529	176.93091
530	176.97604
531	177.04645
532	177.81728
533	179.30954
534	180.5275
535	182.47885
536	182.69698
537	183.79156
538	184.07161
539	185.74004
540	185.97993
541	186.28206
542	186.30638
543	186.45645
544	187.54512
545	189.4882
546	189.99669
547	191.36304
548	191.80438
549	193.57643
550	195.2355
551	195.74281
552	196.02034
553	197.86188
554	199.36426
555	201.02176
556	201.39995
557	203.2303
558	203.29472
559	205.1157
560	206.09306
561	207.98827
562	209.01776
563	210.03053
564	211.97665
565	213.019
566	213.94397
567	215.19516
568	217.16562
569	218.67061
570	219.40741
571	220.64369
572	221.7739
573	223.0269
574	224.55823
575	224.98555
576	225.3907
577	225.50061
578	225.6764
579	226.62134
580	226.9018
581	227.02528
582	227.84157
583	228.66223
584	230.16528
585	231.91148
586	232.87483
587	234.48593
588	236.29335
589	238.11026
590	239.21973
591	239.33972
592	240.031
593	240.8186
594	242.02695
595	243.62057
596	243.8112
597	244.11725
598	245.13062
599	246.62794
600	247.57536
601	248.31625
602	248.49881
603	249.97786
604	250.39005
605	251.67844
606	252.18709
607	253.80756
608	255.72478
609	256.51376
610	257.0703
611	258.86276
612	259.16522
613	260.51807
614	262.108
615	263.35248
616	264.70248
617	265.26434
618	266.59476
619	267.3254
620	268.13272
621	268.79602
622	269.8495
623	270.4383
624	270.77405
625	271.79602
626	273.06482
627	274.78333
628	276.24423
629	277.2017
630	277.38153
631	279.33716
632	280.7905
633	282.17032
634	282.3468
635	283.6436
636	284.48532
637	285.93805
638	287.79987
639	289.10233
640	289.53268
641	290.78357
642	291.72702
643	291.84668
644	292.02982
645	292.23932
646	293.17236
647	294.79358
648	295.69528
649	296.22632
650	298.16946
651	298.7043
652	300.19885
653	301.7082
654	301.8192
655	301.90558
656	302.8464
657	303.12598
658	303.6457
659	303.93137
660	305.43976
661	306.57373
662	308.43066
663	309.58127
664	310.7657
665	311.32236
666	312.07376
667	313.32956
668	314.55856
669	314.8875
670	316.76993
671	318.06183
672	319.31143
673	320.2634
674	320.79956
675	322.48233
676	323.68173
677	325.19583
678	325.4342
679	326.32687
680	326.42694
681	327.59357
682	328.00046
683	329.6211
684	331.41812
685	333.15863
686	334.42075
687	336.11914
688	337.92175
689	339.5753
690	340.1591
691	340.905
692	340.50037
693	339.30576
694	337.9564
695	336.6912
696	335.67273
697	334.60114
698	333.93222
699	333.3951
700	332.7203
701	331.35202
702	330.60202
703	328.9192
704	327.9917
705	326.9156
706	326.67776
707	324.9835
708	324.14035
709	322.50906
710	320.8856
711	320.26144
712	318.64587
