0	36.760723
1	36.422844
2	35.398045
3	34.542778
4	32.599125
5	30.671743
6	30.623837
7	29.646177
8	28.825064
9	27.35429
10	27.139065
11	26.527071
12	25.026308
13	24.09404
14	22.63096
15	21.238703
16	20.532799
17	20.232153
18	19.266794
19	18.229027
20	16.24681
21	15.589078
22	13.58947
23	13.190321
24	11.461567
25	9.86179
26	8.159673
27	7.1119666
28	6.5363965
29	5.852511
30	4.751598
31	3.189416
32	2.5035832
33	2.3795831
34	0.59446615
35	17.732193
36	16.46449
37	15.932572
38	15.533247
39	15.02351
40	13.453632
41	12.086975
42	11.909809
43	10.648622
44	10.3245945
45	9.177754
46	8.183904
47	7.907774
48	6.844394
49	5.108305
50	4.9349246
51	3.3451834
52	1.5224841
53	1.4787154
54	0.987599
55	0.855874
56	19.760653
57	18.476507
58	17.639004
59	15.823184
60	15.391459
61	15.199709
62	14.814102
63	13.19579
64	11.209274
65	11.129854
66	10.217713
67	8.739701
68	6.747762
69	6.1301007
70	5.9414096
71	4.299235
72	3.2455828
73	1.7884612
74	1.7186489
75	0.64563453
76	0.5029486
77	0.4365343
78	0.69508725
79	22.249968
80	21.258041
81	21.124428
82	19.477867
83	18.311314
84	16.688105
85	16.025103
86	14.616656
87	13.982477
88	13.355929
89	11.479723
90	10.951315
91	10.675049
92	8.749306
93	7.5108523
94	9.368491
95	10.914885
96	11.945686
97	13.193474
98	13.987934
99	14.396107
100	15.842195
101	17.539553
102	18.864735
103	20.002092
104	20.509237
105	20.654873
106	22.147694
107	22.646408
108	22.862894
109	23.127804
110	23.335476
111	23.893621
112	24.07539
113	25.796759
114	26.119509
115	26.501383
116	28.219917
117	29.524158
118	31.395775
119	32.12678
120	32.663906
121	33.574028
122	35.181057
123	36.368298
124	37.562943
125	39.4413
126	40.31394
127	40.998962
128	42.136337
129	43.420013
130	44.552036
131	45.139942
132	46.68262
133	48.469456
134	48.499702
135	49.656803
136	50.86552
137	52.019474
138	53.425976
139	55.20238
140	56.0385
141	56.664513
142	56.673187
143	58.18556
144	58.776962
145	58.896248
146	60.397285
147	61.926357
148	63.352818
149	64.27073
150	64.542595
151	65.02868
152	66.966805
153	68.50241
154	69.6073
155	69.86904
156	71.47185
157	73.024765
158	74.02457
159	74.75309
160	75.40885
161	76.48828
162	77.765396
163	79.03574
164	80.575775
165	82.20989
166	83.53386
167	83.584366
168	84.80488
169	86.73636
170	87.428986
171	89.26357
172	89.35819
173	91.26186
174	92.20011
175	92.404884
176	93.56803
177	93.74861
178	95.35007
179	96.604004
180	97.15393
181	97.92627
182	99.09588
183	100.87804
184	102.620575
185	104.25589
186	105.270874
187	106.67134
188	107.76376
189	108.54
190	109.86917
191	110.91786
192	112.563835
193	112.58919
194	114.131424
195	114.4329
196	115.57551
197	116.60982
198	117.398895
199	118.3137
200	118.742645
201	119.16659
202	120.37462
203	121.843445
204	123.362236
205	124.12547
206	124.81683
207	125.81401
208	127.67606
209	129.54391
210	131.0102
211	131.4486
212	132.17102
213	133.90573
214	135.74214
215	137.10597
216	138.95996
217	139.09744
218	141.07118
219	142.97095
220	144.80028
221	145.89801
222	146.01524
223	147.80179
224	149.4159
225	150.82573
226	152.02629
227	152.44962
228	153.67317
229	154.45381
230	156.14217
231	156.32191
232	158.05948
233	159.10435
234	159.83469
235	160.52357
236	161.45247
237	162.71252
238	164.15147
239	166.0848
240	167.77028
241	168.92793
242	169.65065
243	170.86461
244	171.48822
245	173.1881
246	174.76859
247	175.68471
248	176.92256
249	178.56454
250	179.90602
251	180.29387
252	181.3737
253	182.2012
254	183.0507
255	183.78035
256	185.26941
257	186.44829
258	186.5234
259	185.17215
260	184.06723
261	182.88713
262	181.91644
263	181.51907
264	179.57791
265	178.52551
266	177.02594
267	175.1456
268	174.8213
269	173.77037
270	173.25108
271	171.28326
272	169.59805
273	168.80101
274	168.58647
275	167.08653
276	166.41023
277	164.97174
278	163.01334
279	162.35432
280	162.25098
281	160.9257
282	160.06471
283	159.65479
284	157.9948
285	157.51366
286	157.00647
287	155.29527
288	153.87964
289	153.60121
290	152.59192
291	152.2742
292	151.34991
293	149.98074
294	148.2283
295	146.92683
296	146.34245
297	146.33083
298	144.66394
299	143.56667
300	142.54575
301	142.07872
302	141.0047
303	140.50516
304	140.06247
305	138.18188
306	137.22456
307	136.58194
308	135.72748
309	134.52654
310	132.75854
311	131.43442
312	129.70126
313	127.703896
314	126.82982
315	126.79916
316	125.16708
317	124.096756
318	123.97176
319	122.496025
320	122.10541
321	120.1831
322	118.20013
323	117.9076
324	116.730225
325	116.60697
326	114.753174
327	113.572716
328	112.08071
329	111.07996
330	109.64446
331	108.97921
332	108.84303
333	107.346794
334	106.947334
335	106.48141
336	105.15291
337	103.19318
338	101.29611
339	100.862724
340	99.722046
341	99.39379
342	97.66996
343	95.90775
344	95.1401
345	94.28674
346	92.48172
347	91.20937
348	89.80338
349	89.57149
350	87.886024
351	86.475
352	85.16393
353	83.824814
354	82.80726
355	80.96988
356	80.09652
357	79.06524
358	77.861206
359	76.660194
360	76.60277
361	75.013245
362	73.87419
363	73.289986
364	72.22949
365	70.68324
366	69.10793
367	67.27614
368	66.09186
369	64.39891
370	64.142
371	63.37407
372	62.716225
373	62.468643
374	61.967865
375	61.77455
376	60.8789
377	60.65362
378	59.477448
379	59.01798
380	58.279163
381	56.93817
382	55.6076
383	54.050186
384	52.894165
385	51.22234
386	51.09741
387	50.65036
388	49.31938
389	49.279686
390	47.782722
391	47.361607
392	45.735577
393	44.863327
394	43.871513
395	43.63716
396	41.69933
397	40.76106
398	40.65348
399	39.229748
400	38.28416
401	36.341877
402	34.732056
403	34.60613
404	34.08683
405	32.41976
406	31.589909
407	31.521328
408	30.839666
409	29.928488
410	29.440594
411	28.992077
412	27.157343
413	25.57866
414	23.839947
415	23.48581
416	23.427704
417	22.247408
418	21.466452
419	20.750084
420	19.03709
421	18.21943
422	17.683731
423	16.424143
424	15.062998
425	14.587085
426	13.818831
427	11.843638
428	11.437198
429	10.664813
430	10.370059
431	8.940231
432	7.804022
433	6.6963778
434	6.537054
435	6.1469655
436	5.6604605
437	4.3703094
438	3.6496255
439	3.6102626
440	1.9721155
441	0.39008895
442	25.691935
443	24.72172
444	24.281889
445	22.38324
446	21.375456
447	20.937687
448	19.37422
449	19.21876
450	18.476498
451	17.482105
452	16.425814
453	14.86868
454	14.032154
455	13.099416
456	11.355315
457	9.784788
458	9.293394
459	8.598309
460	8.125239
461	7.9028454
462	5.971682
463	4.7905755
464	3.8597038
465	2.4347074
466	0.7792419
467	5.319446
468	5.0425406
469	4.332285
470	3.8458266
471	1.8790581
472	0.6747272
473	12.580469
474	11.285644
475	10.720487
476	10.311178
477	8.83922
478	8.124526
479	6.1382604
480	4.380586
481	3.120914
482	2.6735942
483	1.1708817
484	29.131012
485	28.90992
486	28.293886
487	27.066269
488	27.024092
489	26.156218
490	25.64078
491	23.937494
492	23.102703
493	22.064184
494	21.3731
495	19.984259
496	19.215868
497	17.31192
498	16.220331
499	14.862679
500	13.23612
501	12.674899
502	11.724182
503	10.73126
504	9.272753
505	8.727562
506	8.684669
507	7.213621
508	5.9275765
509	4.9859004
510	3.4296618
511	2.3103921
512	1.0216783
513	0.041853882
514	53.30801
515	52.214783
516	50.307377
517	49.512455
518	47.650665
519	46.733723
520	45.75033
521	44.04035
522	42.489788
523	42.145054
524	40.258186
525	39.808758
526	38.36655
527	37.136475
528	36.936142
529	36.907677
530	35.248882
531	33.32779
532	31.510447
533	30.705011
534	29.612709
535	27.845842
536	26.33457
537	24.80896
538	24.711842
539	22.921701
540	22.5541
541	21.82734
542	21.157446
543	21.09092
544	19.550558
545	17.926714
546	17.262978
547	16.860111
548	15.695165
549	13.907343
550	12.079693
551	11.195979
552	9.812172
553	9.023341
554	7.713836
555	6.816459
556	6.10959
557	5.8408723
558	5.814858
559	5.573574
560	4.750594
561	3.791947
562	3.0317755
563	3.012127
564	2.0138667
565	1.6805369
566	1.2518739
567	0.96711993
568	16.31717
569	14.741185
570	13.109631
571	12.279355
572	10.754334
573	9.372651
574	8.856987
575	7.5714
576	6.6016927
577	5.5046725
578	4.371865
579	3.8322327
580	1.9086637
581	1.1001835
582	46.95675
583	46.76884
584	46.54484
585	46.02399
586	45.525726
587	45.125443
588	43.62043
589	43.04054
590	42.736862
591	42.17877
592	40.752968
593	39.58613
594	38.63859
595	38.38487
596	36.41825
597	35.81185
598	34.456112
599	34.1476
600	32.515667
601	30.641594
602	30.398117
603	29.346329
604	27.388233
605	25.433718
606	24.607
607	23.06083
608	21.113846
609	20.647778
610	18.687601
611	18.087606
612	16.460878
613	14.584921
614	13.440828
615	12.838517
616	11.447491
617	10.126366
618	8.338914
619	7.6905584
620	6.5664806
621	6.0489593
622	5.01748
623	4.000835
624	2.222744
625	1.5778439
626	0.17624012
627	0.5515635
628	17.46224
629	15.594399
630	15.075689
631	14.878112
632	14.147339
633	12.660692
634	12.201485
635	11.4647665
636	11.145529
637	10.894132
638	9.606951
639	8.371401
640	7.225106
641	5.3633227
642	5.0804524
643	3.4702253
644	1.6268861
645	1.4121344
646	7.3079987
647	6.1594715
648	5.6472964
649	3.7074022
650	3.2690086
651	1.9055314
652	1.1126494
653	0.18706456
654	3.6612968
655	2.5571992
656	1.3293409
657	1.0728633
658	6.8902617
659	6.7621856
660	4.791073
661	3.0285885
662	1.3658249
663	0.23072496
664	37.030945
665	35.486633
666	34.893993
667	33.719025
668	33.128277
669	31.951426
670	31.592964
671	30.54782
672	30.336582
673	29.43472
674	28.38819
675	26.394009
676	25.360235
677	24.094646
678	24.049646
679	22.812012
680	20.94014
681	20.922071
682	19.522774
683	18.545946
684	18.141937
685	16.349066
686	15.096222
687	13.551288
688	12.80562
689	11.908003
690	10.493294
691	8.597874
692	6.7802763
693	6.205079
694	5.551476
695	4.2088075
696	3.110364
697	2.4158843
698	1.0537891
699	0.7243012
700	0.2658994
701	32.52618
702	31.81737
703	30.23903
704	29.771675
705	28.349585
706	28.290308
707	27.02371
708	25.410887
709	25.250132
710	25.17862
711	24.07556
712	24.042591
713	23.63836
714	23.13444
715	22.725857
716	21.020212
717	19.747192
718	18.054728
719	17.573654
720	16.303589
721	14.754761
722	14.683461
723	12.766309
724	11.488143
725	10.648314
726	9.603053
727	8.351175
728	7.4302535
729	5.6489315
730	5.371117
731	4.913416
732	3.094796
733	2.0533109
734	1.5132332
735	0.9312002
736	2.7310286
737	1.8421388
738	0.81782615
739	0.65093744
740	16.141161
741	15.445804
742	14.330018
743	12.586248
744	11.8969345
745	10.070614
746	8.283022
747	8.011269
748	8.003529
749	7.032792
750	5.695824
751	5.485794
752	4.6285286
753	4.4690876
754	4.4659786
755	3.309112
756	3.2427042
757	2.3616588
758	1.9698782
759	0.27932605
760	22.864906
761	22.372854
762	21.072037
763	20.133717
764	19.84371
765	19.603765
766	18.446548
767	16.744024
768	15.888784
769	15.345877
770	13.378977
771	11.943274
772	10.685192
773	9.430455
774	7.6921434
775	6.966196
776	6.0481596
777	4.49083
778	3.8803868
779	2.1175447
780	1.9527797
781	0.86241835
782	0.8615498
783	0.4314165
784	46.54528
785	45.390274
786	45.136387
787	44.447655
788	43.015568
789	41.18869
790	39.59959
791	38.645306
792	37.300144
793	36.824528
794	35.09275
795	33.494663
796	32.391247
797	31.112995
798	30.420479
799	29.225775
800	28.058645
801	26.58587
802	24.869545
803	22.948845
804	21.383995
805	19.768257
806	19.079771
807	17.184902
808	16.958965
809	15.067786
810	14.543881
811	13.152455
812	11.329263
813	10.649322
814	9.161381
815	8.334378
816	6.4741163
817	6.141825
818	4.395706
819	2.4658809
820	1.2306436
821	1.135436
822	33.872997
823	33.60676
824	33.3502
825	33.04287
826	31.368927
827	29.900005
828	29.88859
829	29.624443
830	28.103104
831	27.827826
832	27.325972
833	27.000055
834	25.7397
835	25.007473
836	24.116486
837	24.030012
838	23.572557
839	23.524467
840	22.881563
841	22.16911
842	20.751303
843	20.502821
844	19.766104
845	18.682945
846	17.738367
847	17.320078
848	16.858332
849	15.077968
850	14.462584
851	14.283352
852	14.095784
853	12.197122
854	11.488961
855	9.8515
856	8.585875
857	7.18381
858	5.686056
859	3.8008325
860	2.459115
861	1.665031
862	0.4310935
863	21.487207
864	20.474318
865	18.505596
866	18.252037
867	16.512463
868	15.437397
869	13.883118
870	12.870909
871	11.366782
872	10.974497
873	9.845532
874	8.022613
875	7.5325866
876	7.228924
877	7.1081185
878	5.5839195
879	4.6693177
880	4.2480044
881	3.6138363
882	3.098207
883	2.2089322
884	0.46630043
885	28.635868
886	27.615513
887	25.70103
888	23.861229
889	22.185978
890	21.419308
891	20.282845
892	19.103085
893	18.284657
894	18.10375
895	18.067434
896	17.93064
897	17.873058
898	16.957531
899	16.929396
900	15.868267
901	15.494198
902	15.303231
903	13.720219
904	11.975984
905	11.74798
906	10.436934
907	9.587122
908	9.03887
909	7.3026
910	6.3143497
911	4.548744
912	3.552322
913	2.599553
914	1.7281005
915	0.85124314
916	38.14416
917	36.878735
918	36.106205
919	34.755417
920	33.564636
921	32.000134
922	31.213228
923	29.22644
924	29.077827
925	27.678312
926	26.299631
927	24.832542
928	24.384401
929	22.927288
930	22.905373
931	21.228125
932	19.256456
933	19.023952
934	17.40986
935	15.659836
936	14.284687
937	12.955297
938	12.614432
939	12.442834
940	11.332159
941	12.06469
942	12.104705
943	13.617364
944	14.043905
945	15.516174
946	15.619921
947	16.99321
948	18.021648
949	19.48884
950	20.032106
951	21.484182
952	23.410204
953	23.559275
954	24.073359
955	25.275633
956	25.508335
957	26.320827
958	26.680487
959	27.733278
960	27.998352
961	29.318
962	30.215145
963	31.80925
964	33.09723
965	34.88719
966	36.235394
967	36.35145
968	37.401478
969	38.63924
970	40.40176
971	41.316044
972	42.840492
973	43.181038
974	43.69164
975	44.70721
976	46.032505
977	46.060772
978	46.449593
979	47.89488
980	49.67073
981	50.538227
982	50.726967
983	51.8445
984	52.810513
985	54.30236
986	55.559837
987	56.905952
988	58.011803
989	58.735905
990	59.83992
991	61.705173
992	62.6082
993	63.190643
994	64.93409
995	66.28549
996	66.91886
997	68.176155
998	69.24415
999	70.49506
1000	71.31452
1001	72.761406
1002	73.67799
1003	74.40331
1004	75.10338
1005	75.73798
1006	76.05834
1007	77.23021
1008	79.11889
1009	79.70823
1010	80.168564
1011	81.6797
1012	81.69779
1013	83.094505
1014	84.18298
1015	85.05075
1016	86.63655
1017	88.43723
1018	88.95543
1019	90.56959
1020	92.02309
1021	93.17654
1022	94.101295
1023	94.337906
1024	95.98217
1025	96.30899
1026	97.68802
1027	97.752754
1028	99.02932
1029	100.28063
1030	101.5825
1031	102.3697
1032	103.39209
1033	104.49049
1034	106.38917
1035	108.25845
1036	109.260414
1037	110.89144
1038	111.21322
1039	112.43612
1040	113.619
1041	114.431114
1042	114.89736
1043	115.40187
1044	117.172874
1045	117.646065
1046	119.5128
1047	121.31356
1048	121.92006
1049	123.59611
1050	125.04764
1051	125.78383
1052	127.13942
1053	128.29555
1054	129.11368
1055	129.58002
1056	130.3355
1057	131.40268
1058	132.67096
1059	134.64642
1060	136.30443
1061	137.62123
1062	139.07079
1063	139.24309
1064	139.32059
1065	141.19096
1066	141.90317
1067	142.41867
1068	143.13185
1069	144.62398
1070	145.70145
1071	145.96976
1072	147.83856
1073	148.73926
1074	150.2256
1075	150.79341
1076	150.80028
1077	151.93185
1078	152.44395
1079	152.71284
1080	154.368
1081	156.14436
1082	157.24788
1083	158.17776
1084	158.8681
1085	160.3845
1086	161.9362
1087	162.51718
1088	163.63408
1089	164.73145
1090	165.74277
1091	167.5335
1092	169.27763
1093	169.66734
1094	169.73718
1095	170.63947
1096	170.91655
1097	172.31184
1098	173.38957
1099	173.96483
1100	175.47745
1101	176.12013
1102	176.31133
1103	178.2251
1104	178.85854
1105	178.97932
1106	180.42105
1107	181.15135
1108	181.16907
1109	182.9013
1110	183.53679
1111	184.42686
1112	184.96022
1113	185.16551
1114	186.6641
1115	186.86392
1116	188.82556
1117	190.31023
1118	190.53302
1119	190.89458
1120	192.31735
1121	192.98428
1122	194.5912
1123	195.53545
1124	196.01147
1125	196.85289
1126	198.12094
1127	198.19241
1128	199.28584
1129	200.84314
1130	201.26491
1131	202.28215
1132	203.84018
1133	204.13136
1134	204.23961
1135	204.95174
1136	205.9176
1137	207.84567
1138	209.00926
1139	209.17601
1140	210.7598
1141	211.72968
1142	212.76239
1143	213.97719
1144	214.68976
1145	215.76721
1146	216.91638
1147	217.89056
1148	219.51634
1149	219.9183
1150	220.54277
1151	221.86803
1152	223.72556
1153	224.58557
1154	226.04886
1155	226.7583
1156	227.45209
1157	229.42435
1158	229.71014
1159	230.2808
1160	230.32693
1161	231.22748
1162	231.24721
1163	231.81429
1164	233.6685
1165	235.13861
1166	235.55661
1167	235.82236
1168	237.56227
1169	239.28415
1170	239.8526
1171	241.32393
1172	241.47685
1173	242.05292
1174	242.80315
1175	244.79358
1176	245.32993
1177	247.12315
1178	247.78194
1179	248.86496
1180	249.81818
1181	250.65108
1182	251.69284
1183	251.92863
1184	252.26721
1185	252.69441
1186	253.98465
1187	255.59619
1188	257.42673
1189	258.33447
1190	259.4782
1191	259.83453
1192	260.4624
1193	261.85455
1194	262.9112
1195	263.21487
1196	265.15076
1197	266.35684
1198	267.24854
1199	267.56705
1200	268.80054
1201	268.99475
1202	270.32272
1203	271.1623
1204	271.86322
1205	273.34967
1206	275.2249
1207	275.5516
1208	275.98584
1209	276.00504
1210	277.82153
1211	279.35757
1212	279.96506
1213	281.25546
1214	283.12015
1215	284.0299
1216	285.15756
1217	287.1313
1218	288.75024
1219	289.8233
1220	290.51355
1221	291.798
1222	292.13074
1223	293.395
1224	295.0277
1225	296.4137
1226	296.46954
1227	297.94977
1228	298.545
1229	299.18948
1230	300.07916
1231	301.28046
1232	303.0175
1233	304.20126
1234	306.09528
1235	306.86264
1236	307.9826
1237	309.94537
1238	310.05594
1239	310.86417
1240	311.97598
1241	313.14767
1242	314.1154
1243	315.00244
1244	316.75333
1245	317.07193
1246	317.59152
1247	319.30588
1248	319.64417
1249	321.22607
1250	322.45135
1251	323.78705
1252	325.21143
1253	326.27322
1254	326.54672
1255	327.3993
1256	328.27582
1257	328.6203
1258	329.77118
1259	329.8865
1260	330.06598
1261	331.43134
1262	331.56158
1263	332.6496
1264	334.12076
1265	334.82275
1266	335.5818
1267	337.00992
1268	337.23657
1269	339.1875
1270	340.10794
1271	341.2095
1272	342.0782
1273	343.6665
1274	345.63718
1275	347.1146
1276	347.17545
1277	348.48093
1278	348.90662
1279	349.58038
1280	349.69815
1281	349.89508
1282	351.51718
1283	351.98825
1284	352.23816
1285	352.42694
1286	354.15494
1287	354.22946
1288	355.30692
1289	357.05814
1290	358.04715
1291	358.23215
1292	359.42596
1293	361.212
1294	362.10782
1295	363.75113
1296	365.61996
1297	367.12552
1298	368.80524
1299	369.72244
1300	371.0273
1301	371.30515
1302	371.67438
1303	371.72437
1304	373.289
1305	374.97714
1306	375.25275
1307	375.35547
1308	376.54526
1309	378.51465
1310	379.20197
1311	380.81693
1312	381.56067
1313	382.97446
1314	383.506
1315	385.3117
1316	385.7412
1317	387.5183
1318	388.36514
1319	390.17703
1320	391.40277
1321	392.799
1322	393.07507
1323	394.35388
1324	395.78778
1325	397.39923
1326	398.90643
1327	400.03064
1328	401.39053
1329	402.60324
1330	403.28632
1331	404.9297
1332	406.08813
1333	406.33093
1334	406.78918
1335	408.77148
1336	408.8387
1337	409.81296
1338	410.75208
1339	412.55383
1340	414.41974
1341	415.3289
1342	415.75415
1343	417.00708
1344	418.51144
1345	420.4109
1346	421.78174
1347	423.41888
1348	425.15033
1349	426.50345
1350	427.00504
1351	428.6939
1352	429.21973
1353	429.89722
1354	430.6813
1355	430.82358
1356	432.17728
1357	433.7217
1358	434.9124
1359	435.75217
1360	436.98074
1361	438.96442
1362	440.47702
1363	441.7852
1364	442.58524
1365	444.0342
1366	445.55658
1367	446.71094
1368	447.77316
1369	448.76495
1370	448.92606
1371	449.6836
1372	451.51492
1373	453.00256
1374	453.53253
1375	454.66238
1376	455.9935
1377	456.5011
1378	457.37668
1379	457.66965
1380	458.5648
1381	459.06943
1382	459.9234
1383	460.92703
1384	462.18454
1385	463.3654
1386	463.7196
1387	464.15952
1388	464.2076
1389	464.67627
1390	464.86844
1391	465.7444
1392	466.17374
1393	467.76544
1394	468.61002
1395	469.21405
1396	470.12634
1397	471.43933
1398	471.58502
1399	472.83835
1400	474.46353
1401	475.9444
1402	476.8531
1403	478.74353
1404	480.72055
1405	482.2856
1406	482.95938
1407	483.39224
1408	484.3495
1409	485.93243
1410	486.07938
1411	487.2542
1412	487.9951
1413	488.64178
1414	489.3763
1415	489.78516
1416	490.65198
1417	491.50735
1418	491.9417
1419	493.83978
1420	494.7738
1421	495.5403
1422	496.17508
1423	496.2674
1424	497.20212
1425	498.66443
1426	499.83286
1427	501.06927
1428	501.96027
1429	502.45044
1430	503.88443
1431	504.3326
1432	506.02448
1433	507.18854
1434	508.97427
1435	510.59027
1436	511.10782
1437	512.4807
1438	514.42236
1439	515.3766
1440	515.7383
1441	516.21027
1442	518.1456
1443	519.42914
1444	519.5775
1445	520.4673
1446	520.5551
1447	521.65845
1448	522.3851
1449	523.0779
1450	524.2857
1451	524.4978
1452	525.2886
1453	526.8112
1454	527.91754
1455	528.1428
1456	529.7173
1457	531.6672
1458	532.78094
1459	534.4133
1460	535.56525
1461	537.0998
1462	538.13055
1463	539.4018
1464	540.14124
1465	540.2373
1466	541.4734
1467	543.0438
1468	543.63947
1469	544.5495
1470	544.7855
1471	545.7959
1472	546.49817
1473	547.81915
1474	548.3665
1475	549.7659
1476	551.7132
1477	553.1974
1478	553.6798
1479	554.88885
1480	555.5276
1481	556.3875
1482	557.35
1483	557.5814
1484	559.10535
1485	561.0136
1486	561.5812
1487	563.0197
1488	564.7486
1489	566.70984
1490	567.92706
1491	569.46906
1492	569.6731
1493	571.14233
1494	572.81836
1495	574.1525
1496	574.7923
1497	576.49036
1498	577.78094
1499	579.7081
1500	580.8361
1501	581.7785
1502	583.53253
1503	585.3863
1504	585.579
1505	586.4607
1506	587.19305
1507	587.8653
1508	587.96246
1509	588.5327
1510	589.1372
1511	589.9529
1512	590.3699
1513	591.12286
1514	591.53845
1515	593.1896
1516	593.3908
1517	595.26434
1518	596.53674
1519	597.9959
1520	599.3563
1521	600.3064
1522	601.766
1523	601.8186
1524	601.83405
1525	601.8755
1526	603.03613
1527	604.9102
1528	606.8406
1529	608.73883
1530	609.77386
1531	610.2058
1532	611.986
1533	613.8019
1534	613.91064
1535	615.8273
1536	617.53296
1537	618.58875
1538	619.6551
1539	620.2015
1540	620.9049
1541	622.5453
1542	623.2052
1543	624.5882
1544	625.99164
1545	627.5373
1546	628.6116
1547	628.77203
1548	630.63464
1549	632.0491
1550	632.4014
1551	634.04694
1552	634.5209
1553	636.0977
1554	637.6128
1555	637.8607
1556	638.039
1557	639.38495
1558	641.21826
1559	641.41425
1560	641.81085
1561	643.51117
1562	644.835
1563	646.4143
1564	647.04706
1565	647.54126
1566	648.02313
1567	649.43774
1568	650.9678
1569	651.44116
1570	653.3233
1571	653.5519
1572	653.5847
1573	654.2716
1574	655.82434
1575	657.74585
1576	657.9946
1577	659.6458
1578	661.2314
1579	661.8707
1580	663.6263
1581	665.5387
1582	666.6217
1583	668.2751
1584	670.268
1585	671.9321
1586	672.0446
1587	673.5119
1588	673.7255
1589	675.6869
1590	677.5499
1591	678.1745
1592	680.0588
1593	680.58575
1594	681.92645
1595	683.4651
1596	685.29645
1597	685.4736
1598	685.9984
1599	686.5247
1600	687.37933
1601	688.53076
1602	690.14136
1603	692.0559
1604	693.2626
1605	694.31995
1606	696.064
1607	697.57666
1608	699.5106
1609	699.84393
1610	701.6917
1611	702.85645
1612	704.61426
1613	705.77075
1614	705.77325
1615	707.28937
1616	709.1991
1617	710.70074
1618	711.15326
1619	711.20447
1620	712.8737
1621	714.2689
1622	716.1552
1623	716.9749
1624	717.92365
1625	718.664
1626	719.753
1627	720.76056
1628	721.95703
1629	722.39233
1630	723.38086
1631	724.13794
1632	725.06415
1633	725.2579
1634	725.5452
1635	727.07495
1636	728.70306
1637	729.5722
1638	729.703
1639	730.1864
1640	731.9233
1641	733.3413
1642	733.72296
1643	735.44525
1644	736.0487
1645	736.5354
1646	738.50806
1647	739.9335
1648	741.1028
1649	740.7873
1650	740.5149
1651	740.0931
1652	738.5309
1653	736.76624
1654	736.7156
1655	736.6871
1656	735.38947
1657	735.25476
1658	735.0991
1659	734.4503
1660	733.0364
1661	731.5922
1662	729.7522
1663	728.70215
1664	727.752
1665	727.3649
1666	725.8181
1667	724.0857
1668	722.79785
1669	721.02606
1670	719.7555
1671	718.01056
1672	717.14777
1673	715.2968
1674	713.54395
1675	713.3294
1676	713.2113
1677	712.7103
1678	711.01654
1679	709.6329
1680	708.9515
1681	708.9275
1682	708.85284
1683	707.5121
1684	707.4146
1685	705.51624
1686	704.08105
1687	702.9149
1688	702.11127
1689	700.4073
1690	700.2682
1691	698.76324
1692	697.45734
1693	697.182
1694	695.4759
1695	694.61646
1696	694.07745
1697	692.76056
1698	692.06354
1699	691.72784
1700	690.331
1701	689.61597
1702	687.9813
1703	687.4022
1704	686.98694
1705	685.2063
1706	684.7607
1707	683.1275
1708	681.5335
1709	679.87616
1710	678.9689
1711	677.5133
1712	676.1737
1713	675.0447
1714	673.4604
1715	671.63464
1716	671.1182
1717	670.0565
1718	668.31793
1719	666.9384
1720	666.3508
1721	664.63715
1722	663.9533
1723	662.2352
1724	660.7865
1725	660.7543
1726	659.604
1727	658.02325
1728	657.93097
1729	656.4478
1730	655.69543
1731	655.06146
1732	654.40436
1733	653.33704
1734	652.4924
1735	652.3834
1736	651.6096
1737	650.9077
1738	650.8481
1739	650.6001
1740	649.7894
1741	648.64905
1742	647.0391
1743	646.17114
1744	645.3161
1745	644.71625
1746	642.7606
1747	641.0447
1748	640.24097
1749	639.86285
1750	639.3994
1751	638.7044
1752	637.1575
1753	635.89685
1754	635.23553
1755	634.85693
1756	633.41925
1757	632.91534
1758	631.6545
1759	629.76025
1760	628.2012
1761	627.27277
1762	626.9559
1763	625.1644
1764	624.6669
1765	624.14575
1766	622.88776
1767	621.1595
1768	620.4454
1769	619.3043
1770	618.4964
1771	618.105
1772	616.57355
1773	616.3731
1774	614.55756
1775	613.2448
1776	611.83075
1777	610.2849
1778	608.48224
1779	607.4022
1780	605.9103
1781	605.3833
1782	605.057
1783	605.0355
1784	604.8211
1785	603.29376
1786	601.3555
1787	600.4394
1788	598.8705
1789	597.08105
1790	595.73
1791	594.1245
1792	593.756
1793	592.5916
1794	591.98846
1795	590.402
1796	588.88727
1797	587.0096
1798	585.3417
1799	584.3365
1800	583.13806
1801	582.0217
1802	581.9632
1803	580.68646
1804	579.4356
1805	579.1767
1806	578.0417
1807	576.239
1808	575.5035
1809	574.64374
1810	574.17096
1811	573.3587
1812	572.4113
1813	571.9165
1814	571.26385
1815	571.0229
1816	570.18976
1817	569.6098
1818	567.7783
1819	566.8265
1820	566.2883
1821	565.01776
1822	564.5657
1823	564.0742
1824	562.44324
1825	560.8917
1826	559.4384
1827	558.30963
1828	557.67456
1829	556.0472
1830	555.7095
1831	554.08527
1832	552.61194
1833	550.88965
1834	550.43134
1835	549.0943
1836	548.4084
1837	548.01044
1838	546.12836
1839	545.8464
1840	545.56665
1841	544.2659
1842	542.7238
1843	542.454
1844	542.19946
1845	541.1513
1846	539.8585
1847	538.6731
1848	538.11743
1849	538.0171
1850	536.13745
1851	535.61084
1852	534.52747
1853	533.0873
1854	531.63794
1855	531.36707
1856	529.6824
1857	529.4657
1858	528.32306
1859	526.4521
1860	524.53546
1861	522.8897
1862	522.7644
1863	522.1492
1864	520.8582
1865	520.4317
1866	519.263
1867	517.4474
1868	515.7303
1869	515.6899
1870	515.5821
1871	515.39984
1872	514.6469
1873	512.85547
1874	512.56824
1875	511.8242
1876	510.5511
1877	509.87128
1878	508.3778
1879	507.55634
1880	507.22336
1881	506.80402
1882	504.8531
1883	503.4108
1884	502.5949
1885	502.36438
1886	501.59763
1887	501.3155
1888	500.2668
1889	499.3883
1890	498.59528
1891	497.8077
1892	496.5871
1893	495.0043
1894	493.91867
1895	492.62534
1896	490.6345
1897	490.48383
1898	490.29028
1899	490.1675
1900	489.78375
1901	489.05527
1902	488.399
1903	487.12088
1904	485.76535
1905	485.35907
1906	484.16507
1907	483.56378
1908	483.46878
1909	482.55975
1910	482.48523
1911	481.7853
1912	480.97736
1913	480.3676
1914	480.22574
1915	479.11972
1916	477.75885
1917	476.329
1918	474.3485
1919	473.52637
1920	472.7788
1921	471.3965
1922	471.14493
1923	469.81772
1924	468.13217
1925	466.9127
1926	466.29434
1927	465.55237
1928	464.8759
1929	464.15033
1930	462.3036
1931	462.28955
1932	461.24823
1933	460.41446
1934	459.3286
1935	459.03708
1936	458.35034
1937	456.89365
1938	456.69144
1939	455.50085
1940	454.94302
1941	454.46332
1942	452.71652
1943	451.91135
1944	450.462
1945	448.692
1946	448.1889
1947	448.0456
1948	446.26395
1949	445.88248
1950	445.14514
1951	443.99097
1952	443.53198
1953	442.9738
1954	442.64413
1955	441.71838
1956	441.46655
1957	441.023
1958	440.52133
1959	438.5827
1960	437.80933
1961	437.61154
1962	436.64642
1963	436.55737
1964	434.7702
1965	434.3633
1966	433.69217
1967	431.95142
1968	429.9569
1969	429.05057
1970	427.64914
1971	425.69736
1972	425.38635
1973	424.10504
1974	422.20755
1975	420.2103
1976	419.2877
1977	417.4348
1978	416.31204
1979	414.43567
1980	412.8935
1981	412.08783
1982	411.23505
1983	409.65723
1984	408.217
1985	407.74484
1986	405.9589
1987	405.20825
1988	405.00775
1989	403.2769
1990	401.41846
1991	401.03622
1992	400.33536
1993	398.75836
1994	397.97235
1995	397.3976
1996	396.74106
1997	394.9511
1998	393.4797
1999	393.4757
2000	391.7786
2001	390.60638
2002	390.5239
2003	388.6846
2004	388.24527
2005	387.33017
2006	386.90186
2007	385.72592
2008	385.62567
2009	385.28125
2010	384.9134
2011	383.94818
2012	383.0631
2013	382.53235
2014	381.54678
2015	381.12067
2016	380.73676
2017	380.4881
2018	380.22012
2019	379.29712
2020	379.08508
2021	377.3162
2022	377.30008
2023	376.00638
2024	375.8786
2025	374.90994
2026	373.1822
2027	371.56964
2028	369.70676
2029	368.4634
2030	368.27933
2031	367.5984
2032	367.5753
2033	366.1668
2034	364.25436
2035	364.05832
2036	362.56815
2037	362.07687
2038	361.22577
2039	361.04822
2040	359.82858
2041	358.653
2042	356.88922
2043	355.1926
2044	353.8979
2045	351.98032
2046	351.64505
2047	350.9023
2048	349.52905
2049	349.44223
2050	348.12125
2051	346.3629
2052	346.07663
2053	345.53516
2054	344.81946
2055	343.34958
2056	342.54575
2057	340.991
2058	339.2221
2059	338.84787
2060	338.67062
2061	336.7194
2062	334.763
2063	334.52298
2064	334.4553
2065	334.1422
2066	333.12427
2067	332.1411
2068	331.67123
2069	329.8298
2070	328.6602
2071	327.384
2072	326.1434
2073	324.49628
2074	322.89563
2075	322.64502
2076	320.80377
2077	320.21664
2078	319.85248
2079	319.20114
2080	318.29715
2081	318.21994
2082	316.44897
2083	315.64566
2084	315.4149
2085	314.31332
2086	312.31674
2087	311.94586
2088	311.14963
2089	309.20142
2090	307.3003
2091	306.14096
2092	305.9707
2093	304.16068
2094	302.3608
2095	301.76477
2096	299.93402
2097	299.80222
2098	297.97375
2099	297.17667
2100	296.07553
2101	294.92456
2102	293.6156
2103	292.52606
2104	290.84467
2105	290.2188
2106	289.97598
2107	289.43317
2108	287.53287
2109	286.27075
2110	285.96432
2111	285.17624
2112	283.59457
2113	283.1809
2114	281.55667
2115	280.8647
2116	280.05792
2117	279.52255
2118	277.93994
2119	277.21057
2120	277.11453
2121	276.3825
2122	275.47205
2123	274.38654
2124	272.52274
2125	271.42395
2126	269.59543
2127	268.92743
2128	267.12772
2129	266.94568
2130	265.69284
2131	264.2739
2132	263.16513
2133	261.99506
2134	260.08365
2135	260.0473
2136	259.07767
2137	257.6549
2138	256.42136
2139	256.2069
2140	254.63696
2141	253.68727
2142	252.81577
2143	251.30363
2144	250.22488
2145	249.77844
2146	249.06523
2147	247.10612
2148	246.19128
2149	245.69363
2150	245.44742
2151	244.93878
2152	244.268
2153	243.7109
2154	242.57938
2155	242.13249
2156	241.1637
2157	240.80579
2158	238.9263
2159	237.24509
2160	236.01265
2161	234.96082
2162	234.69972
2163	234.37653
2164	232.69273
2165	231.0734
2166	230.0823
2167	229.08559
2168	228.81949
2169	228.15106
2170	227.72488
2171	226.7406
2172	225.30782
2173	224.35202
2174	223.98315
2175	223.2138
2176	222.66864
2177	221.62154
2178	221.47241
2179	220.3161
2180	218.34991
2181	216.9722
2182	215.22858
2183	214.24715
2184	212.3041
2185	211.93137
2186	210.25322
2187	209.79565
2188	209.23535
2189	208.99368
2190	207.01825
2191	206.60335
2192	205.85124
2193	205.42316
2194	205.1201
2195	203.54193
2196	203.52602
2197	202.91182
2198	202.6005
2199	202.3585
2200	200.58588
2201	198.83226
2202	198.14423
2203	197.82469
2204	195.91364
2205	194.32785
2206	193.49716
2207	191.63445
2208	191.434
2209	190.84866
2210	189.44139
2211	187.44568
2212	185.97774
2213	184.83589
2214	184.21251
2215	182.9053
2216	182.04778
2217	180.1682
2218	179.16801
2219	177.7306
2220	176.4511
2221	175.97467
2222	174.70189
2223	172.75203
2224	171.67845
2225	170.18001
2226	168.60295
2227	167.85353
2228	166.75938
2229	165.60066
2230	165.59875
2231	163.67938
2232	162.53185
2233	161.18958
2234	160.54538
2235	158.60866
2236	157.42226
2237	156.75116
2238	156.71992
2239	156.27533
2240	154.9953
2241	154.76808
2242	154.30951
2243	152.68407
2244	152.05228
2245	150.84747
2246	149.36443
2247	148.9896
2248	147.10463
2249	146.05646
2250	144.30258
2251	142.87682
2252	141.1326
2253	140.38907
2254	139.16231
2255	138.93387
2256	137.57147
2257	136.67032
2258	136.30588
2259	134.60242
2260	133.8518
2261	133.05937
2262	131.37378
2263	130.29272
2264	128.60095
2265	128.38237
2266	128.32626
2267	127.13396
2268	125.94724
2269	125.35191
2270	124.37798
2271	123.03445
2272	121.148285
2273	119.91014
2274	119.82859
2275	119.57022
2276	118.32771
2277	116.495476
2278	116.354774
2279	115.783035
2280	115.667046
2281	114.59534
2282	113.89173
2283	112.53139
2284	111.96183
2285	111.50951
2286	110.01112
2287	109.34882
2288	108.95799
2289	108.85757
2290	106.92164
2291	105.18663
2292	104.86315
2293	104.58523
2294	102.7096
2295	102.08694
2296	100.901535
2297	99.5398
2298	98.07265
2299	97.40768
2300	95.64181
2301	94.83537
2302	93.99868
2303	92.41317
