0	29.146582
1	66.899704
2	71.39504
3	51.07177
4	63.265667
5	76.3103
6	62.906578
7	72.17508
8	90.15085
9	64.94342
10	51.99026
11	70.24002
12	63.719765
13	78.59857
14	98.38725
15	85.515305
16	57.18578
17	61.207752
18	63.07544
19	80.48723
20	87.65541
21	53.96214
22	60.85826
23	57.395596
24	57.824287
25	86.610016
26	52.467316
27	52.51445
28	61.403126
29	72.33394
30	50.834854
31	46.56845
32	94.756256
33	43.778564
34	51.20688
35	62.493423
36	69.04027
37	84.730484
38	48.98473
39	69.90435
40	80.35182
41	64.37523
42	85.94095
43	56.052612
44	54.576065
45	66.25295
46	87.58834
47	53.56698
48	69.81947
49	64.64304
50	53.80272
51	50.588516
52	61.300007
53	63.98066
54	64.22775
55	42.310005
56	87.17226
57	52.46979
58	53.61337
59	99.52411
60	35.529636
61	3.8009531
62	6.6468234
63	32.966137
64	0.2905644
65	23.87439
66	28.147974
67	16.072414
68	38.386665
69	39.204697
70	28.326246
71	16.89229
72	14.297994
73	7.678534
74	3.196758
75	9.630663
76	28.023415
77	44.04422
78	2.0366209
79	27.902908
80	38.534534
81	27.117123
82	13.42546
83	13.295717
84	35.203655
85	29.976194
86	1.6262167
87	14.773012
88	27.961372
89	25.929077
90	1.6047239
91	21.38439
92	12.157548
93	50.884407
94	56.312195
95	6.0769334
96	11.238471
97	38.291416
98	38.318607
99	21.121267
100	17.306717
101	6.4643474
102	47.123287
103	3.8072684
104	27.931044
105	37.81622
106	25.83231
107	37.334335
108	8.999383
109	47.35852
110	56.38047
111	6.2156954
112	37.95882
113	33.78041
114	11.089107
115	8.035702
116	19.462193
117	40.50308
118	20.089039
119	34.043697
120	16.241806
121	6.3118796
122	59.001453
123	9.83746
124	41.95637
125	55.501034
126	11.578272
127	17.057638
128	5.4618764
129	18.476177
130	32.993156
131	20.726593
132	4.163216
133	19.142275
134	49.46374
135	31.21674
136	39.03975
137	23.17031
138	0.6215692
139	29.71846
140	28.029692
141	3.322465
142	33.81857
143	53.643436
144	19.251976
145	7.8214335
146	8.263249
147	47.54742
148	22.962027
149	7.2071667
150	9.280747
151	47.734425
152	56.769028
153	44.896564
154	59.097332
155	49.14928
156	10.050372
157	24.138857
158	3.886406
159	43.55712
160	14.87275
161	25.70315
162	50.204853
163	12.453117
164	2.44503
165	7.483933
166	38.686565
167	10.370677
168	38.3705
169	1.379251
170	11.175247
171	16.745434
172	12.155985
173	49.602642
174	17.287949
175	59.246513
176	18.873453
177	0.34279656
178	5.0509067
179	92.29738
180	50.45777
181	52.06041
182	62.29563
183	78.515305
184	63.555695
185	94.6683
186	72.70643
187	72.5428
188	75.49051
189	44.81864
190	64.28184
191	40.84665
192	51.35978
193	59.5645
194	76.37079
195	40.297337
196	65.14249
197	42.75838
198	85.78458
199	64.49696
200	52.67349
201	61.10906
202	50.439037
203	79.67465
204	77.37601
205	68.42386
206	56.672916
207	77.472534
208	46.28257
209	59.47497
210	48.41468
211	49.014084
212	55.547695
213	82.430145
214	62.17063
215	86.52742
216	64.141495
217	68.21132
218	67.09967
219	97.59689
220	71.79546
221	94.49295
222	50.027588
223	42.404194
224	74.850685
225	57.220924
226	73.34921
227	62.98754
228	85.250946
229	43.4808
230	60.34963
231	49.717125
232	49.460632
233	64.75018
234	96.06839
235	63.678146
236	69.14098
237	44.750656
238	99.16931
239	58.87715
240	82.9456
241	56.732708
242	47.927475
243	76.42712
244	54.24149
245	70.347404
246	61.46157
247	77.30356
248	98.25505
249	45.501755
250	85.82101
251	63.138947
252	40.752598
253	96.55705
254	79.537125
255	70.91485
256	65.36463
257	98.02757
258	85.71527
259	83.07959
260	51.335026
261	41.507114
262	65.54118
263	89.84807
264	52.081623
265	45.341797
266	93.68881
267	42.608265
268	95.090256
269	93.92284
270	52.73319
271	59.758423
272	90.2486
273	45.192493
274	78.54339
275	93.57733
276	76.14733
277	59.759407
278	81.66409
279	40.487724
280	79.6568
281	88.62512
282	51.472866
283	91.510414
284	57.92211
285	73.58779
286	62.041855
287	57.251015
288	99.00563
289	56.738503
290	40.216637
291	89.928665
292	46.53662
293	78.19449
294	52.967472
295	50.878418
296	42.06226
297	60.863945
298	73.1458
299	69.18997
300	56.941265
301	40.42375
302	52.40642
303	66.15258
304	71.66516
305	61.473988
306	69.876945
307	78.758804
308	69.71881
309	54.23079
310	84.86174
311	66.05132
312	62.924843
313	71.03295
314	60.789
315	69.81154
316	54.168137
317	79.611084
318	51.884583
319	71.59582
320	62.686577
321	80.19556
322	56.221333
323	44.67624
324	80.89442
325	52.85099
326	40.185417
327	86.25114
328	56.477318
329	69.13812
330	54.064384
331	58.183983
332	90.18172
333	54.412407
334	99.85071
335	83.4924
336	50.34952
337	91.05464
338	41.097767
339	46.787365
340	44.859127
341	55.812424
342	93.14345
343	62.49247
344	53.461777
345	84.25239
346	65.65629
347	41.93655
348	80.72358
349	60.490448
350	62.464523
351	77.44292
352	98.80028
353	56.341072
354	75.32466
355	48.186626
356	58.838806
357	50.035698
358	80.6649
359	72.91223
360	98.46159
361	51.04867
362	51.064205
363	41.20571
364	63.549057
365	56.58191
366	47.055134
367	82.951614
368	88.62146
369	58.610184
370	95.62262
371	96.99278
372	54.15126
373	71.456474
374	51.71294
375	62.14139
376	43.22834
377	57.6121
378	44.454597
379	62.574127
380	73.41722
381	43.54988
382	99.18778
383	99.0363
384	73.112854
385	56.951134
386	56.253708
387	86.21571
388	42.877514
389	7.4028454
390	23.356451
391	33.39502
392	22.41116
393	1.1063775
394	27.440613
395	44.980495
396	34.458668
397	12.569633
398	34.77952
399	32.29968
400	10.70349
401	13.341027
402	21.923998
403	22.999336
404	29.37844
405	20.143322
406	10.524886
407	21.534006
408	27.102
409	11.764603
410	54.323006
411	27.483194
412	14.065583
413	56.85975
414	33.09037
415	50.663418
416	7.0396514
417	32.986233
418	0.4589734
419	9.329149
420	52.150646
421	49.15479
422	13.853859
423	16.066095
424	37.689598
425	11.666823
426	37.453827
427	53.136993
428	4.1484346
429	12.914636
430	31.812654
431	38.977757
432	7.027912
433	52.493237
434	47.24835
435	22.125713
436	22.213762
437	1.6665576
438	7.1516495
439	6.654803
440	54.219868
441	38.633797
442	0.6595341
443	6.518252
444	27.621138
445	9.933421
446	32.91825
447	24.262142
448	50.843273
449	22.61591
450	52.888947
451	52.969322
452	50.408077
453	38.220562
454	34.37244
455	14.858787
456	10.510795
457	5.6893544
458	16.32872
459	13.708889
460	35.015167
461	39.317173
462	9.260796
463	9.7451935
464	33.851818
465	34.825714
466	6.489375
467	12.61055
468	7.7918997
469	3.3702588
470	20.187023
471	36.50911
472	33.087112
473	38.98883
474	0.76551515
475	39.94627
476	37.0589
477	32.93488
478	4.211555
479	11.690785
480	36.37846
481	46.898735
482	23.616749
483	33.977665
484	28.25041
485	51.030666
486	13.613252
487	30.696045
488	25.245598
489	35.839848
490	44.7131
491	27.459875
492	28.23457
493	16.922232
494	4.6272025
495	15.617349
496	25.266346
497	3.8891168
498	2.1820467
499	24.794374
500	19.182158
501	20.9341
502	25.840775
503	4.423775
504	2.5384018
505	1.3048882
506	10.854036
507	18.698515
508	35.394783
509	56.84975
510	20.621243
511	39.443035
512	7.031175
513	14.400347
514	29.772778
515	1.3914715
516	8.717977
517	23.842949
518	3.3020167
519	5.8014464
520	14.78744
521	39.248436
522	0.44911033
523	1.0208304
524	24.302639
525	7.57378
526	7.275104
527	54.196533
528	15.069736
529	18.292187
530	17.393875
531	15.85194
532	19.752468
533	49.7509
534	34.771214
535	47.98552
536	29.179808
537	21.04381
538	24.394842
539	28.393772
540	41.394756
541	14.299451
542	36.638783
543	19.097626
544	26.574272
545	11.523154
546	19.289911
547	35.05204
548	27.657404
549	12.49543
550	40.677395
551	29.4707
552	7.2835073
553	36.249985
554	39.94181
555	31.41259
556	9.376772
557	21.587122
558	0.6502738
559	32.614464
560	1.2776009
561	50.56752
562	1.8251221
563	33.83648
564	30.132414
565	45.106182
566	28.23163
567	52.539215
568	26.220905
569	22.78731
570	33.664433
571	16.915398
572	9.827181
573	17.173512
574	19.170166
575	4.346562
576	2.1000323
577	26.488874
578	12.565286
579	1.4057593
580	37.60056
581	17.430613
582	54.04663
583	11.528347
584	9.780612
585	31.562778
586	49.71719
587	51.28035
588	38.97872
589	19.943563
590	58.20386
591	12.800177
592	25.82171
593	23.175737
594	33.737137
595	34.370117
596	29.777475
597	48.687473
598	15.152451
599	37.543823
600	30.397127
601	1.6534808
602	52.682667
603	22.050695
604	41.746147
605	8.854349
606	19.755276
607	35.857788
608	27.94265
609	30.968348
610	13.362968
611	1.4171941
612	25.83556
613	18.461819
614	30.555086
615	45.814465
616	57.8501
617	29.925934
618	37.335773
619	11.293098
620	0.8970258
621	10.361684
622	14.0610285
623	21.81679
624	10.84419
625	45.94108
626	11.530528
627	55.286907
628	24.121166
629	55.177628
630	7.488876
631	42.175987
632	34.848522
633	43.07895
634	27.700235
635	14.018656
636	46.534504
637	35.982674
638	24.738476
639	54.991707
640	14.260618
641	10.886142
642	23.583372
643	3.3352313
644	32.259354
645	28.569105
646	42.75467
647	34.69317
648	8.7929125
649	20.879652
650	37.673508
651	34.667652
652	12.099647
653	12.781936
654	25.354628
655	41.39105
656	37.97583
657	31.88931
658	9.73015
659	3.1676934
660	23.013111
661	9.396575
662	43.31483
663	19.633692
664	1.3223146
665	15.463706
666	25.971317
667	30.50152
668	7.12014
669	34.023468
670	25.19947
671	9.7984705
672	32.185852
673	39.20533
674	37.553234
675	12.4414
676	12.93634
677	29.131643
678	49.359303
679	6.4152017
680	38.915745
681	57.76507
682	59.3149
683	31.518166
684	14.530297
685	26.583542
686	9.27792
687	38.564407
688	4.4900904
689	48.433937
690	3.6193142
691	32.66586
692	29.38979
693	2.804299
694	34.341187
695	59.276386
696	8.589989
697	1.7808573
698	17.221155
699	27.101372
700	42.27368
701	22.86222
702	12.573828
703	48.58755
704	7.5191355
705	12.3187475
706	29.347511
707	23.271725
708	9.438947
709	41.51607
710	40.849213
711	27.563942
712	7.07626
