0	54.417686
1	36.065125
2	0.3408969
3	23.7018
4	42.475777
5	43.405605
6	32.879402
7	8.789606
8	31.181913
9	12.313434
10	32.080788
11	16.220718
12	40.840008
13	12.930811
14	35.182556
15	26.305223
16	32.365288
17	9.25394
18	27.36436
19	16.397955
20	42.375385
21	48.22855
22	39.0981
23	25.137306
24	13.714868
25	20.842789
26	10.793577
27	31.515026
28	10.838507
29	39.784203
30	30.607143
31	10.651966
32	11.580583
33	36.030872
34	20.119556
35	46.219387
36	2.857772
37	30.077045
38	32.778713
39	7.034611
40	53.83066
41	1.7581068
42	22.623596
43	3.7250574
44	9.605832
45	33.777
46	27.291702
47	36.10378
48	27.483543
49	12.674273
50	8.619394
51	39.528614
52	12.992916
53	25.465862
54	9.627719
55	13.802756
56	53.28581
57	24.303818
58	29.634487
59	24.635471
60	16.991613
61	23.845137
62	3.7354827
63	11.949043
64	11.439913
65	18.98633
66	12.375715
67	12.25453
68	40.478935
69	23.326939
70	32.5932
71	19.58684
72	35.943687
73	8.532483
74	46.980553
75	14.052174
76	27.467165
77	53.322765
78	21.895018
79	6.732876
80	1.2277266
81	34.002155
82	38.082912
83	4.903697
84	33.943527
85	19.467684
86	39.855106
87	4.910124
88	10.045854
89	14.333199
90	46.272614
91	25.493326
92	35.209236
93	32.776524
94	19.337114
95	34.120155
96	47.67032
97	42.121555
98	26.827356
99	12.277921
100	24.690758
101	51.75535
102	13.215394
103	8.11948
104	37.80093
105	19.03805
106	44.8249
107	36.41873
108	49.428493
109	23.668558
110	34.5083
111	46.21073
112	25.207333
113	43.09085
114	26.192804
115	3.0287015
116	10.895778
117	9.769235
118	10.968403
119	28.763433
120	42.85239
121	6.336505
122	17.972767
123	21.408886
124	9.162285
125	22.91991
126	53.03511
127	58.03449
128	46.689873
129	9.462089
130	2.6382797
131	21.226032
132	9.397328
133	15.799098
134	21.357574
135	3.0842543
136	3.481521
137	6.8961735
138	13.480234
139	12.267723
140	6.141011
141	12.017423
142	51.388344
143	13.726974
144	19.941515
145	19.388943
146	1.9830891
147	51.217403
148	28.94747
149	15.208015
150	19.066986
151	55.54565
152	11.967722
153	49.837936
154	23.370487
155	35.09522
156	3.9979079
157	38.863483
158	16.08872
159	22.20131
160	45.803688
161	11.079624
162	40.38564
163	11.496381
164	14.850281
165	49.11275
166	27.63454
167	11.161168
168	42.716442
169	11.5526905
170	11.775803
171	9.467906
172	17.805014
173	35.33933
174	10.423256
175	28.804104
176	43.853146
177	6.5683317
178	36.886852
179	14.1397505
180	11.487671
181	9.315111
182	45.112465
183	22.149776
184	37.96598
185	24.795574
186	22.637241
187	4.7537913
188	39.529537
189	17.28927
190	17.327202
191	31.368534
192	3.291057
193	20.407972
194	14.131412
195	3.5126019
196	26.03957
197	9.155506
198	16.39905
199	9.768964
200	19.01006
201	6.2074327
202	23.54665
203	35.927387
204	26.419111
205	3.1405187
206	32.337852
207	35.45049
208	4.3677216
209	3.9178462
210	22.34626
211	6.0284276
212	14.25766
213	52.416626
214	9.392266
215	28.370806
216	3.2349687
217	38.198845
218	22.013918
219	44.45758
220	9.704408
221	24.850723
222	32.021015
223	27.275618
224	40.544308
225	25.499369
226	30.598038
227	4.7860603
228	24.24201
229	3.892976
230	24.921562
231	24.12139
232	9.05656
233	14.129333
234	38.412243
235	22.882055
236	39.866253
237	24.379387
238	39.824543
239	9.44013
240	20.998041
241	42.65573
242	10.521319
243	27.332367
244	21.539125
245	7.8227673
246	35.406227
247	27.105974
248	28.540411
249	27.805407
250	16.738134
251	17.042542
252	30.9314
253	47.052193
254	16.769232
255	17.958176
256	45.844532
257	2.3419325
258	9.655668
259	14.668165
260	25.532814
261	31.814304
262	12.99368
263	1.9301032
264	17.282452
265	14.014204
266	52.947746
267	38.29395
268	28.991499
269	26.817602
270	16.284397
271	41.458115
272	49.612984
273	46.078236
274	27.211826
275	36.03275
276	57.997444
277	39.414207
278	55.92584
279	23.613745
280	28.597403
281	30.229534
282	48.84374
283	53.261215
284	46.783524
285	32.3544
286	2.5860696
287	36.125134
288	57.681545
289	3.4198623
290	8.520065
291	12.512621
292	52.178127
293	46.21849
294	33.813145
295	31.05865
296	21.57893
297	37.64964
298	49.30441
299	55.321636
300	21.903198
301	13.364995
302	31.313786
303	12.573912
304	5.4769707
305	53.90053
306	9.439324
307	46.052437
308	36.128475
309	40.760853
310	24.677979
311	43.21662
312	41.087383
313	25.311493
314	41.22664
315	21.893143
316	7.7473507
317	35.942986
318	5.286178
319	23.817024
320	58.816975
321	8.411727
322	29.075508
323	51.74412
324	31.868176
325	27.21205
326	11.5015545
327	11.973815
328	28.424883
329	45.317352
330	26.32906
331	39.4645
332	13.357409
333	29.667864
334	38.31623
335	5.7189255
336	3.5868967
337	41.663147
338	34.334957
339	30.974833
340	44.02077
341	38.12222
342	34.12919
343	25.165894
344	7.601149
345	18.826138
346	11.119205
347	14.931024
348	20.175333
349	20.931635
350	24.996115
351	20.173103
352	9.365689
353	38.015656
354	33.06083
355	29.6655
356	37.634987
357	7.887594
358	40.801273
359	23.79195
360	22.16633
361	23.112438
362	1.5717765
363	3.5412962
364	7.88201
365	12.16592
366	49.949112
367	19.635012
368	33.776905
369	38.155746
370	12.476062
371	10.445068
372	39.135513
373	9.522481
374	35.729725
375	53.657684
376	43.51724
377	33.6046
378	37.582954
379	23.983822
380	22.82655
381	44.499596
382	29.072657
383	40.285015
384	20.726492
385	19.775835
386	38.514244
387	54.899864
388	70.74568
389	85.5327
390	93.63608
391	90.29207
392	94.38142
393	63.690918
394	60.046898
395	53.792202
396	87.14125
397	40.261086
398	56.16416
399	93.764626
400	82.229385
401	64.696
402	70.01311
403	96.98671
404	61.21893
405	79.40968
406	86.32176
407	57.545452
408	70.33063
409	51.473404
410	77.65235
411	85.734924
412	87.61745
413	54.11081
414	92.74609
415	75.67525
416	58.738907
417	57.75659
418	85.97499
419	53.636196
420	52.661865
421	57.30542
422	76.25334
423	65.51341
424	42.977325
425	99.475945
426	87.50247
427	49.841156
428	44.690224
429	82.7476
430	43.359386
431	60.051865
432	84.927704
433	70.09783
434	86.147385
435	61.456875
436	58.01967
437	86.75586
438	54.994595
439	88.87778
440	59.822098
441	53.038887
442	41.109077
443	41.47161
444	57.536842
445	47.32876
446	67.47507
447	83.89638
448	96.10992
449	52.82476
450	55.173515
451	54.04992
452	45.38508
453	79.48675
454	69.18494
455	59.94861
456	63.936615
457	69.169075
458	80.227905
459	65.91397
460	72.019745
461	72.18312
462	65.03548
463	46.180557
464	75.87796
465	48.411537
466	99.8969
467	49.839317
468	72.85382
469	85.9606
470	56.061356
471	79.95636
472	92.08158
473	73.32553
474	95.43321
475	62.481033
476	46.03878
477	53.112022
478	71.039536
479	43.316006
480	91.831924
481	53.448616
482	85.70563
483	55.75024
484	87.30739
485	48.629166
486	60.25389
487	91.19
488	77.883484
489	79.8965
490	62.283165
491	52.206474
492	44.813362
493	67.77556
494	64.27818
495	83.16797
496	97.05385
497	62.07611
498	90.22655
499	73.72561
500	49.62862
501	79.409164
502	69.260056
503	46.95267
504	52.592106
505	76.26522
506	85.71227
507	40.877007
508	93.46889
509	85.65423
510	51.21421
511	67.04752
512	82.533394
513	53.18807
514	48.169518
515	79.78811
516	72.54155
517	92.102356
518	55.292694
519	50.12667
520	61.163284
521	44.086334
522	49.873936
523	43.39758
524	83.33904
525	62.037308
526	41.67687
527	43.052116
528	94.97266
529	65.26726
530	93.97985
531	65.67031
532	60.86895
533	55.055485
534	68.27267
535	44.999397
536	50.312668
537	47.835293
538	68.67131
539	93.8013
540	97.29855
541	80.82267
542	94.789154
543	41.37352
544	79.16086
545	70.539024
546	57.603775
547	71.8148
548	47.21366
549	58.44992
550	51.289997
551	67.67276
552	40.900345
553	46.594334
554	88.604866
555	76.41702
556	81.92937
557	50.769505
558	49.002293
559	70.79234
560	48.873238
561	69.374886
562	91.690254
563	54.51544
564	68.46048
565	46.52675
566	41.763107
567	57.807247
568	62.56286
569	43.049767
570	91.86258
571	86.14482
572	41.072533
573	58.30068
574	72.46323
575	52.25341
576	65.770874
577	48.646633
578	82.86543
579	93.055534
580	77.360016
581	62.60614
582	77.18616
583	88.15715
584	46.597633
585	66.58635
586	99.96959
587	45.991486
588	56.68643
589	70.975655
590	43.840443
591	64.74212
592	67.706085
593	69.24611
594	80.78851
595	46.882534
596	56.05504
597	58.338913
598	51.398712
599	44.99203
600	50.232086
601	56.904396
602	70.64226
603	60.6048
604	50.532944
605	76.4635
606	61.216503
607	46.944923
608	41.874146
609	71.39597
610	91.69055
611	64.409355
612	96.47966
613	95.75914
614	64.28953
615	44.972534
616	74.25833
617	75.27805
618	96.13597
619	53.351482
620	66.64287
621	64.38289
622	71.079704
623	77.95759
624	70.62981
625	49.19037
626	76.70514
627	97.53749
628	58.434498
629	61.703552
630	82.20323
631	49.68071
632	75.07812
633	57.077133
634	54.477253
635	87.07637
636	82.15287
637	58.128952
638	61.670593
639	41.96443
640	65.108536
641	49.823494
642	49.11798
643	65.33414
644	42.93999
645	48.376923
646	54.75363
647	71.16703
648	63.519478
649	65.07088
650	64.16467
651	85.20436
652	43.59508
653	61.84899
654	92.186005
655	96.791565
656	53.852207
657	42.873913
658	40.973183
659	71.277176
660	76.445816
661	57.12172
662	55.533684
663	78.40939
664	94.29733
665	82.24517
666	78.82056
667	56.236206
668	42.557144
669	96.24732
670	81.291275
671	56.150524
672	75.48889
673	78.69189
674	79.73901
675	50.076744
676	40.552933
677	75.82502
678	68.474884
679	49.18579
680	78.77475
681	62.260784
682	54.53452
683	73.11638
684	60.68065
685	61.585304
686	51.643234
687	63.563934
688	68.62377
689	73.90044
690	91.93239
691	64.86714
692	21.659685
693	55.172615
694	42.735275
695	51.837833
696	0.93525714
697	20.103365
698	1.7618998
699	16.112957
700	15.885396
701	10.966217
702	36.004498
703	19.123322
704	59.4764
705	4.410325
706	31.874384
707	42.020935
708	30.660791
709	58.261215
710	54.092354
711	8.715926
712	56.036556
