0	22.173597
1	14.0815
2	3.0716145
3	19.93926
4	20.931135
5	21.359692
6	2.196631
7	8.390659
8	38.646168
9	44.708477
10	23.881126
11	44.79593
12	17.459251
13	10.803555
14	12.469066
15	32.127422
16	54.89259
17	12.964196
18	10.4385805
19	14.064678
20	24.089024
21	17.92176
22	24.304451
23	22.771097
24	39.20462
25	55.877804
26	37.143612
27	29.455812
28	27.144997
29	29.773384
30	50.30736
31	59.08051
32	20.80989
33	20.950731
34	14.542343
35	32.46216
36	14.653221
37	21.34935
38	56.957783
39	5.800278
40	6.902042
41	41.45953
42	36.649326
43	22.787771
44	33.43154
45	2.4509492
46	2.9109917
47	5.7450495
48	11.119288
49	11.689429
50	6.297259
51	16.118721
52	19.65163
53	24.957644
54	49.925316
55	36.234478
56	38.900658
57	31.641447
58	28.678232
59	89.44884
60	62.418644
61	65.43181
62	60.38051
63	64.527664
64	61.446312
65	51.675613
66	56.26335
67	84.85977
68	67.3289
69	77.54727
70	89.388824
71	96.89476
72	90.17346
73	62.05664
74	78.28304
75	50.716866
76	59.773224
77	66.37713
78	75.580734
79	43.940437
80	68.40791
81	68.75464
82	75.29559
83	55.77302
84	48.447388
85	64.815094
86	65.9418
87	40.79805
88	86.02593
89	45.995144
90	74.371155
91	65.663475
92	45.194374
93	63.63259
94	83.27673
95	64.58346
96	84.97832
97	52.762432
98	79.24577
99	79.81823
100	52.797882
101	58.434135
102	62.17077
103	53.629368
104	55.692287
105	64.260254
106	73.8779
107	76.66469
108	71.90607
109	67.92595
110	44.00848
111	74.30899
112	89.63203
113	61.533615
114	44.489178
115	67.24395
116	87.0692
117	55.926174
118	70.35302
119	75.29256
120	98.44243
121	77.52742
122	44.223698
123	84.58025
124	64.243484
125	63.757015
126	74.451675
127	81.23239
128	54.749825
129	48.83372
130	83.65649
131	93.17531
132	75.81886
133	68.834175
134	40.71902
135	74.006546
136	66.02506
137	87.892
138	53.49172
139	58.940517
140	84.26542
141	56.569786
142	46.63478
143	56.44996
144	40.71775
145	83.8922
146	42.009605
147	69.097885
148	74.619896
149	86.42232
150	79.95204
151	73.33603
152	60.644707
153	82.5631
154	58.68611
155	55.88061
156	76.35643
157	48.57438
158	76.88452
159	69.86889
160	75.5215
161	61.201897
162	73.069954
163	77.93753
164	74.1945
165	74.66336
166	50.284405
167	48.886677
168	40.893326
169	61.938927
170	73.76485
171	67.91234
172	65.26509
173	65.756516
174	77.54439
175	47.020348
176	71.664085
177	43.24804
178	52.273094
179	27.24159
180	3.1369987
181	37.527718
182	5.339931
183	16.039461
184	8.318663
185	33.00239
186	6.606582
187	30.370121
188	16.405148
189	41.079533
190	41.50291
191	3.1159565
192	12.401335
193	9.60099
194	41.43245
195	25.97902
196	2.4541795
197	32.116814
198	9.909825
199	27.11237
200	31.095547
201	18.617615
202	29.75079
203	59.241955
204	32.108902
205	9.922589
206	32.144566
207	28.434353
208	27.564373
209	1.9689147
210	15.433836
211	7.3688693
212	48.795155
213	1.8652319
214	31.58714
215	31.561386
216	47.010788
217	21.17605
218	14.190878
219	36.70237
220	9.566155
221	52.65978
222	12.897615
223	27.509773
224	43.116417
225	14.576339
226	16.440044
227	11.456204
228	8.267343
229	38.42374
230	11.320019
231	15.729736
232	55.33039
233	20.962963
234	28.281992
235	30.787743
236	35.791866
237	26.390577
238	33.68026
239	8.863108
240	29.105583
241	49.51843
242	7.8493958
243	30.78223
244	29.418388
245	35.819756
246	17.587187
247	39.454144
248	21.837921
249	39.201183
250	34.85956
251	23.390167
252	42.85197
253	23.35988
254	38.836746
255	18.61346
256	18.547123
257	4.6878605
258	20.991537
259	57.808796
260	24.115335
261	30.2949
262	21.211447
263	20.323107
264	43.38787
265	4.732995
266	32.314014
267	0.5193936
268	5.965388
269	33.892124
270	37.173164
271	30.781689
272	59.648487
273	53.47048
274	27.889471
275	25.704842
276	1.5399481
277	15.241425
278	38.11786
279	12.5277195
280	1.9224448
281	21.825895
282	0.041465066
283	33.1513
284	2.1158338
285	25.35361
286	11.588424
287	13.932708
288	42.548733
289	46.34756
290	6.8402762
291	51.71598
292	0.8473469
293	23.112606
294	23.485392
295	18.48847
296	44.978153
297	6.4052954
298	14.705875
299	0.766108
300	36.37834
301	3.5869586
302	29.587341
303	46.592793
304	34.46891
305	31.033888
306	40.75643
307	50.60745
308	53.93154
309	4.7323346
310	29.480537
311	30.870125
312	58.623245
313	23.741192
314	13.777919
315	9.159159
316	27.160912
317	0.5755134
318	11.96322
319	32.028996
320	6.913054
321	5.1529455
322	7.8156586
323	2.7981246
324	39.1157
325	23.868263
326	35.893913
327	13.801535
328	12.190886
329	57.25063
330	26.55694
331	30.84026
332	32.130257
333	35.214195
334	9.333525
335	4.5174603
336	15.367209
337	16.355228
338	2.1223347
339	31.637024
340	14.694499
341	43.69908
342	13.853021
343	19.158216
344	1.5317743
345	25.657307
346	46.21573
347	0.6152197
348	23.997318
349	34.310658
350	54.72867
351	5.6938615
352	27.386992
353	49.370323
354	22.403929
355	38.782814
356	23.729269
357	5.1624136
358	30.29375
359	13.588766
360	19.504381
361	10.688866
362	37.782818
363	1.5183485
364	40.668938
365	0.9596566
366	3.2593057
367	33.097454
368	13.996316
369	43.17353
370	32.37251
371	36.179977
372	28.82325
373	58.146465
374	48.632286
375	47.80547
376	15.463397
377	35.843998
378	58.429283
379	30.237154
380	7.649001
381	30.231058
382	37.864246
383	19.2624
384	38.573425
385	28.960045
386	5.5225863
387	3.268523
388	53.603333
389	37.290092
390	36.051598
391	37.901814
392	1.9341384
393	25.15633
394	13.778957
395	21.807573
396	22.661016
397	47.36282
398	46.68749
399	45.686028
400	4.3650165
401	50.00669
402	12.631033
403	46.684418
404	54.76733
405	9.047111
406	16.536745
407	11.66503
408	42.470478
409	0.69318616
410	27.575047
411	24.209751
412	51.794266
413	33.652004
414	13.897838
415	15.504312
416	31.590498
417	47.302544
418	43.599804
419	47.926468
420	38.38327
421	47.564495
422	14.734206
423	37.14283
424	56.303303
425	28.627338
426	17.72368
427	51.183212
428	14.566598
429	18.518785
430	15.935411
431	5.6427503
432	37.487392
433	48.5747
434	19.86479
435	37.00745
436	19.246632
437	21.657646
438	35.617195
439	45.501945
440	14.902539
441	37.907887
442	45.954353
443	53.24105
444	0.45276043
445	35.47379
446	5.548624
447	57.192413
448	20.673391
449	14.393866
450	59.44708
451	35.217014
452	31.328917
453	35.636227
454	1.1705372
455	39.528896
456	17.843048
457	2.6863081
458	36.34698
459	45.22447
460	9.937422
461	31.61832
462	1.578381
463	1.0319222
464	32.0302
465	11.612453
466	14.68371
467	35.1405
468	19.409147
469	13.342269
470	35.955585
471	36.518562
472	52.056904
473	46.05308
474	44.671864
475	22.314924
476	44.741104
477	36.975094
478	22.48169
479	27.903906
480	30.467829
481	27.893496
482	36.684105
483	2.6588209
484	31.091072
485	21.724531
486	4.585462
487	19.147675
488	47.621937
489	0.9656915
490	23.181978
491	30.671782
492	27.872692
493	4.413486
494	14.692553
495	35.314217
496	47.658295
497	18.997536
498	30.167267
499	39.856384
500	49.906242
501	59.10409
502	18.904417
503	20.167702
504	27.309956
505	1.2685516
506	21.313805
507	26.881218
508	51.73892
509	21.645222
510	14.330295
511	14.233758
512	51.37713
513	35.973278
514	50.21947
515	13.488002
516	19.648476
517	36.17957
518	57.882378
519	30.75646
520	27.796133
521	12.1904955
522	27.338737
523	15.917714
524	53.263847
525	33.900837
526	16.165194
527	57.974308
528	35.148922
529	39.908054
530	56.153744
531	17.621964
532	12.872533
533	31.291456
534	21.423895
535	38.600574
536	16.420046
537	33.578964
538	57.991615
539	23.323149
540	46.836018
541	58.03242
542	41.692623
543	15.329716
544	14.115603
545	24.495739
546	26.377153
547	1.289024
548	6.216162
549	2.2884152
550	24.020573
551	32.69726
552	33.351505
553	20.486725
554	30.782017
555	20.555328
556	16.990911
557	1.5047858
558	39.617165
559	16.340876
560	18.030386
561	9.666195
562	19.77693
563	35.02883
564	27.419697
565	22.863087
566	30.192976
567	51.519173
568	13.462461
569	37.792213
570	3.703358
571	22.025614
572	45.989147
573	7.4361377
574	24.58606
575	5.766314
576	28.05725
577	12.916521
578	31.10848
579	1.9984221
580	57.975693
581	11.859925
582	36.686123
583	29.315481
584	23.901756
585	25.259562
586	47.357132
587	14.640541
588	32.09314
589	20.275053
590	8.26735
591	12.900377
592	41.464317
593	24.963566
594	11.684754
595	5.199893
596	8.396795
597	33.550346
598	22.421509
599	14.411489
600	32.602036
601	6.2122016
602	23.332935
603	28.052164
604	12.167398
605	11.994594
606	58.530197
607	25.843815
608	25.192488
609	5.0027843
610	9.324447
611	34.127495
612	5.2374344
613	11.080778
614	12.748381
615	8.057362
616	2.6207902
617	18.079025
618	18.045683
619	13.042587
620	4.310292
621	14.279787
622	26.880278
623	26.421442
624	10.660582
625	35.345127
626	3.3486984
627	25.642746
628	11.046048
629	4.9528556
630	59.24427
631	4.4637766
632	18.443455
633	8.289263
634	47.276394
635	31.170862
636	9.577419
637	20.544775
638	58.51348
639	2.7429855
640	30.01272
641	15.125178
642	52.13726
643	26.120161
644	1.5424774
645	3.7475204
646	28.969973
647	11.295455
648	53.862705
649	20.247898
650	26.16957
651	4.5402737
652	16.963182
653	28.80499
654	18.862974
655	11.495944
656	15.176589
657	5.527045
658	22.662373
659	3.5111299
660	59.94748
661	11.625844
662	49.962288
663	25.429745
664	22.808884
665	33.762505
666	3.4288998
667	44.61744
668	30.323217
669	33.25835
670	4.6007404
671	22.925808
672	44.07115
673	11.584887
674	6.9760385
675	7.8758545
676	30.651176
677	29.086428
678	38.28551
679	16.307013
680	39.229237
681	18.030397
682	1.5721971
683	9.925353
684	2.5130594
685	8.656272
686	29.976143
687	18.686302
688	30.339308
689	26.409843
690	53.838615
691	38.2652
692	79.22423
693	71.32784
694	88.91829
695	55.49081
696	40.559864
697	45.518726
698	72.966835
699	75.37004
700	43.509327
701	97.97899
702	96.155594
703	94.115585
704	87.530495
705	56.895905
706	71.30478
707	67.26503
708	44.415897
709	79.611946
710	52.651917
711	89.60672
