0	55.332973
1	47.762966
2	15.225054
3	19.056486
4	16.746506
5	21.280561
6	22.272846
7	43.457066
8	27.00185
9	34.85671
10	24.800129
11	39.64475
12	37.10337
13	37.19928
14	33.287304
15	28.39907
16	59.583626
17	35.219265
18	12.145877
19	26.319925
20	0.12389334
21	16.25376
22	29.234608
23	45.23576
24	0.02318802
25	22.28167
26	18.556593
27	59.459095
28	30.46754
29	50.97933
30	11.058824
31	25.428934
32	59.865887
33	5.581911
34	0.797848
35	58.583626
36	30.758238
37	13.995311
38	6.79603
39	31.122799
40	14.483733
41	56.973972
42	37.990368
43	34.43491
44	22.936052
45	6.748422
46	10.693553
47	11.394572
48	3.4244912
49	23.47377
50	39.770046
51	19.295504
52	34.71486
53	18.86646
54	20.031778
55	0.30429417
56	13.593947
57	27.643803
58	10.493386
59	14.359327
60	26.503752
61	54.096943
62	52.296394
63	10.068469
64	24.515018
65	56.34066
66	11.056958
67	14.024448
68	35.237034
69	39.248085
70	27.525599
71	20.69596
72	28.725336
73	11.640614
74	0.7561295
75	6.583153
76	2.878851
77	12.050525
78	22.966873
79	11.629174
80	49.414738
81	19.078894
82	33.506096
83	8.975309
84	35.15953
85	24.344597
86	23.839905
87	40.779808
88	17.85027
89	13.241427
90	59.892746
91	9.509226
92	31.81766
93	36.230442
94	3.3068173
95	35.597393
96	10.713744
97	8.92813
98	43.92826
99	35.870434
100	55.872528
101	55.480583
102	11.381773
103	28.142149
104	7.4169154
105	24.438438
106	24.290264
107	27.122643
108	50.52227
109	1.6497558
110	13.203441
111	2.9226532
112	34.762367
113	51.618153
114	8.003106
115	19.023771
116	33.985
117	53.92334
118	43.834866
119	54.816555
120	3.0078168
121	9.017185
122	19.89446
123	19.01908
124	17.504383
125	26.451353
126	10.634969
127	20.438139
128	10.976497
129	55.833
130	2.4571528
131	33.458572
132	13.950692
133	31.171583
134	1.9684614
135	52.020084
136	8.914079
137	10.817089
138	27.693905
139	46.587536
140	55.356697
141	6.3783712
142	7.6776514
143	39.59924
144	33.580086
145	0.107972525
146	35.48688
147	9.2848425
148	36.95253
149	38.45066
150	39.167652
151	32.82593
152	19.751486
153	5.8544583
154	33.818485
155	39.254646
156	7.7836347
157	48.05599
158	2.7293458
159	53.88151
160	46.18062
161	26.914833
162	1.4216951
163	35.722767
164	32.447247
165	33.0817
166	23.496527
167	1.0966641
168	56.221264
169	23.938194
170	56.47188
171	10.017523
172	1.8431113
173	2.9317265
174	15.798648
175	7.6728315
176	17.011591
177	2.8912985
178	28.560053
179	11.143124
180	57.32769
181	30.937056
182	27.272823
183	0.20388286
184	58.318527
185	21.16713
186	38.86038
187	45.039135
188	21.10477
189	57.845917
190	6.767622
191	50.158478
192	18.522776
193	20.550465
194	7.7445655
195	29.99659
196	39.6072
197	56.108818
198	29.425673
199	7.2597923
200	33.172417
201	1.6807578
202	7.4674664
203	38.58277
204	1.6479448
205	18.786303
206	46.87682
207	33.851273
208	34.681377
209	37.436573
210	18.694126
211	12.338107
212	29.506996
213	58.347507
214	3.5281372
215	28.790152
216	43.915802
217	4.7770863
218	51.479458
219	32.49701
220	11.950659
221	1.6768305
222	28.121634
223	20.069567
224	8.791551
225	50.647484
226	25.39223
227	26.590656
228	10.121271
229	15.982877
230	17.739302
231	20.486635
232	46.048992
233	35.245434
234	25.362192
235	36.816364
236	14.459479
237	44.57747
238	0.5775693
239	17.97232
240	53.66588
241	40.182014
242	38.805134
243	19.15129
244	1.0977526
245	34.45523
246	12.927446
247	29.445597
248	0.8424546
249	32.508785
250	53.756634
251	0.34934607
252	2.988866
253	4.456035
254	3.1271484
255	11.5971775
256	46.37595
257	11.888113
258	43.764465
259	47.429993
260	52.55733
261	33.75265
262	31.201683
263	19.865084
264	48.064354
265	15.851116
266	10.605342
267	17.172634
268	8.561173
269	18.99885
270	9.41016
271	33.708275
272	17.495892
273	5.8010445
274	10.331027
275	37.427116
276	37.636463
277	34.93119
278	2.5582535
279	11.210828
280	51.982533
281	5.9099627
282	9.741762
283	4.457458
284	34.328228
285	45.90596
286	20.027256
287	4.830499
288	50.792744
289	49.453472
290	15.15681
291	21.006474
292	6.38576
293	31.13405
294	0.2637826
295	9.607896
296	25.855213
297	50.09506
298	0.47528008
299	52.290077
300	30.353088
301	33.662342
302	23.099493
303	23.386545
304	17.096485
305	14.715229
306	26.303501
307	40.119125
308	26.730124
309	45.96218
310	32.953423
311	20.294622
312	49.562134
313	28.538946
314	33.288822
315	37.409904
316	33.88769
317	50.16952
318	33.81515
319	25.12723
320	31.703815
321	37.300312
322	18.506874
323	24.007778
324	1.719653
325	23.804852
326	35.824142
327	28.507349
328	46.02637
329	7.085961
330	22.252003
331	47.375908
332	2.9076576
333	8.6663885
334	6.7914767
335	27.851513
336	19.353424
337	17.26712
338	11.947337
339	34.46679
340	29.533087
341	20.694233
342	23.478611
343	15.688168
344	31.678038
345	21.709717
346	58.143463
347	49.311214
348	18.544415
349	11.369297
350	33.080616
351	6.649472
352	23.44933
353	43.05042
354	12.441053
355	51.731094
356	18.018843
357	23.905243
358	44.420197
359	33.160748
360	33.29757
361	19.537218
362	15.575389
363	20.16935
364	20.51217
365	10.611689
366	26.054144
367	45.745564
368	21.539228
369	23.329075
370	21.393545
371	12.523073
372	24.097513
373	0.6002484
374	10.4028845
375	32.379772
376	3.8117301
377	1.8727543
378	9.734636
379	38.255894
380	6.0656166
381	42.52012
382	39.59818
383	27.59437
384	34.94213
385	11.309147
386	54.1045
387	7.7558174
388	10.7769985
389	3.164183
390	3.626258
391	27.362068
392	27.512028
393	41.19727
394	10.562384
395	53.99344
396	48.413963
397	3.1780105
398	24.679092
399	30.661642
400	58.830635
401	17.364994
402	29.199194
403	28.480211
404	39.656384
405	8.50046
406	22.130692
407	21.056831
408	16.771404
409	8.469153
410	18.384315
411	2.059531
412	27.120531
413	53.965103
414	35.816948
415	15.661404
416	45.174313
417	22.06917
418	3.2000737
419	41.834774
420	19.008171
421	35.722195
422	29.369682
423	4.6918178
424	39.739857
425	4.2987576
426	32.94147
427	24.475733
428	3.1903553
429	21.790459
430	46.725895
431	30.96939
432	58.39688
433	45.473286
434	54.78684
435	13.606726
436	22.28831
437	44.410984
438	27.72521
439	50.549084
440	5.1949005
441	25.509369
442	18.056746
443	17.64128
444	39.9141
445	21.45922
446	29.732428
447	0.7490427
448	43.374035
449	35.357586
450	38.2632
451	44.02481
452	25.422369
453	55.129612
454	19.198498
455	39.12453
456	17.396261
457	12.268219
458	23.19453
459	25.893229
460	19.538803
461	14.450779
462	10.3938
463	28.952965
464	51.30676
465	30.186758
466	24.173393
467	16.385574
468	55.98262
469	43.752964
470	9.72982
471	54.550274
472	21.742268
473	54.603374
474	16.777374
475	16.879465
476	2.0392673
477	45.01584
478	47.919613
479	34.99502
480	13.860026
481	23.274424
482	12.62443
483	14.927801
484	4.6598787
485	12.820946
486	5.742132
487	46.57033
488	0.6933976
489	49.702747
490	15.3618145
491	15.369461
492	34.826897
493	53.359226
494	23.419155
495	57.984188
496	0.45586658
497	7.057104
498	48.930344
499	24.205814
500	14.398762
501	6.190271
502	20.333372
503	16.386116
504	31.304464
505	6.38692
506	2.3886225
507	4.1471515
508	56.740562
509	20.5879
510	19.909023
511	7.993023
512	18.022675
513	19.23065
514	48.082638
515	20.941288
516	47.391666
517	25.17748
518	31.976795
519	36.19003
520	17.32087
521	36.61156
522	9.030026
523	50.679935
524	5.3749113
525	14.994013
526	40.74484
527	24.883213
528	39.62819
529	20.029617
530	29.18424
531	23.350649
532	49.199627
533	14.973867
534	53.5717
535	25.147846
536	6.810216
537	43.49074
538	50.556377
539	29.514925
540	15.510591
541	16.776054
542	32.159134
543	11.763731
544	18.604496
545	4.777141
546	6.4613147
547	28.603304
548	11.312922
549	33.979164
550	7.4782844
551	32.20765
552	47.789585
553	21.29557
554	29.48481
555	30.96787
556	3.7142928
557	24.869984
558	9.97808
559	32.665314
560	4.68978
561	28.596296
562	40.06187
563	51.285877
564	15.316486
565	54.24047
566	1.0048572
567	30.11692
568	45.940186
569	0.7651739
570	32.070812
571	29.409883
572	33.680405
573	18.533373
574	32.516186
575	42.879635
576	37.20591
577	29.75921
578	29.708363
579	12.8119755
580	35.297726
581	38.05684
582	29.944818
583	54.24163
584	22.344849
585	25.377293
586	46.60904
587	29.62534
588	48.472324
589	23.39622
590	59.780994
591	47.32496
592	28.875486
593	28.213781
594	18.251842
595	29.63722
596	5.0132675
597	9.484367
598	40.60356
599	41.359478
600	21.379967
601	2.5682235
602	50.77095
603	31.511274
604	36.23485
605	39.13093
606	21.961065
607	15.364396
608	41.021133
609	45.414963
610	1.081142
611	20.439232
612	56.23856
613	51.65558
614	27.269434
615	19.910435
616	44.600407
617	28.711048
618	46.502174
619	47.275055
620	30.996828
621	41.19973
622	18.253855
623	27.17141
624	3.103196
625	20.28434
626	29.816927
627	8.897202
628	55.29492
629	41.98463
630	33.242863
631	25.460459
632	3.1314673
633	40.12033
634	14.683764
635	20.332993
636	37.914574
637	26.751968
638	43.329865
639	48.466976
640	21.56986
641	0.08452775
642	27.627747
643	25.988182
644	29.345074
645	5.1307964
646	52.985523
647	58.594444
648	18.692215
649	0.46198556
650	6.667007
651	52.774834
652	10.063183
653	17.918812
654	41.893314
655	41.326473
656	15.106305
657	13.652352
658	30.052603
659	5.29066
660	13.537915
661	53.57288
662	1.0589882
663	18.237335
664	14.94966
665	2.2809181
666	51.372
667	53.275444
668	28.472233
669	26.158207
670	27.372961
671	45.375805
672	40.806034
673	21.870893
674	52.53611
675	36.5779
676	25.611929
677	29.97421
678	59.106823
679	46.796196
680	55.897053
681	9.77821
682	25.561668
683	6.992426
684	8.293376
685	0.032608777
686	5.9539194
687	12.069917
688	23.78147
689	57.952496
690	20.546825
691	26.08942
692	48.757557
693	22.2322
694	30.234499
695	7.135131
696	29.256166
697	37.44309
698	16.51865
699	16.3384
700	16.23917
701	37.105927
702	17.182108
703	20.494555
704	15.521832
705	17.788269
706	5.143185
707	1.1310594
708	12.675187
709	18.875439
710	29.376255
711	36.45804
712	27.602942
713	33.035706
714	48.78255
715	24.578281
716	39.4849
717	17.97968
718	38.795383
719	32.14397
720	35.14916
721	13.243178
722	26.536068
723	9.401126
724	12.282124
725	29.718037
726	25.521767
727	41.41154
728	46.375324
729	42.32113
730	0.42884862
731	12.327764
732	14.38332
733	52.41358
734	30.012915
735	12.975683
736	23.477058
737	5.4087644
738	19.91258
739	27.211124
740	13.750067
741	18.454191
742	10.4927845
743	2.7223938
744	33.961647
745	29.279345
746	17.50346
747	32.07264
748	1.269589
749	57.95559
750	15.445247
751	54.398148
752	12.901988
753	35.196888
754	19.762972
755	9.069994
756	7.3747573
757	18.576063
758	19.401339
759	19.007847
760	4.60038
761	15.784268
762	48.548172
763	4.491025
764	28.53778
765	13.749617
766	1.6607797
767	38.52703
768	29.852116
769	53.11067
770	8.809292
771	11.483547
772	30.67389
773	47.307213
774	9.491454
775	6.9337993
776	56.8203
777	44.565872
778	59.28682
779	12.184871
780	34.78056
781	57.467667
782	1.0297215
783	17.991964
784	18.576529
785	15.000516
786	55.92956
787	54.082737
788	5.389729
789	19.826382
790	17.6663
791	22.271463
792	29.821966
793	45.114006
794	4.647638
795	15.190971
796	4.0206776
797	11.264316
798	24.20126
799	27.836159
800	10.11161
801	46.83056
802	1.8219385
803	6.763456
804	11.089399
805	16.89198
806	20.751184
807	1.3624506
808	18.206158
809	31.419756
810	45.69355
811	58.935146
812	10.207113
813	31.596375
814	12.40036
815	38.011543
816	3.2226353
817	24.144403
818	10.403993
819	18.221455
820	2.242649
821	16.372623
822	3.3756387
823	38.51969
824	17.584564
825	5.6375384
826	6.3334274
827	20.84681
828	21.066265
829	1.6668577
830	2.1183693
831	13.614687
832	16.161957
833	56.75909
834	57.76764
835	25.3063
836	29.073105
837	18.649698
838	32.94446
839	14.027061
840	58.065605
841	1.897692
842	41.722046
843	49.2951
844	25.958288
845	0.47817343
846	0.23191254
847	53.760273
848	27.72495
849	36.977116
850	34.919674
851	23.007908
852	52.030964
853	20.250275
854	12.85218
855	2.9407496
856	29.269808
857	42.49416
858	51.200603
859	53.682365
860	7.3764014
861	7.7744503
862	36.5817
863	29.781523
864	39.164227
865	47.673428
866	59.211147
867	24.314507
868	56.07264
869	12.215225
870	13.334004
871	14.468304
872	9.363341
873	16.874187
874	10.984413
875	6.5033336
876	33.92867
877	9.366061
878	6.6782713
879	15.648113
880	30.32946
881	26.76399
882	4.3343635
883	21.1439
884	13.549785
885	5.5952153
886	37.548637
887	24.339573
888	18.147398
889	44.27091
890	55.016205
891	31.977446
892	23.514965
893	6.7839727
894	20.284962
895	4.454961
896	57.699932
897	25.33513
898	43.10206
899	29.918541
900	37.592106
901	9.033918
902	15.244528
903	35.25042
904	18.736364
905	0.44928515
906	6.0417604
907	43.941944
908	56.166016
909	7.129572
910	52.03123
911	19.25061
912	48.466034
913	44.789433
914	22.859589
915	35.01127
916	35.781834
917	20.176048
918	15.263614
919	51.959866
920	51.232258
921	9.598439
922	39.723232
923	33.34606
924	8.51117
925	9.743471
926	6.098671
927	37.48667
928	10.547121
929	37.706264
930	32.41341
931	13.801998
932	12.306521
933	16.733282
934	16.552532
935	38.331806
936	41.513313
937	4.9061847
938	26.059082
939	23.591997
940	14.655007
941	54.465862
942	23.393114
943	21.93055
944	30.23723
945	36.953896
946	16.65339
947	19.767267
948	34.59161
949	24.033657
950	19.849852
951	49.362328
952	3.1016648
953	1.6502875
954	49.749676
955	29.973022
956	2.7103703
957	10.223596
958	34.491737
959	11.689086
960	49.25288
961	33.678787
962	3.319587
963	27.26999
964	20.743261
965	21.322084
966	8.198098
967	25.9121
968	4.169841
969	26.355738
970	14.00856
971	26.145113
972	6.7183933
973	7.0576
974	24.292192
975	16.655052
976	54.909008
977	4.447738
978	43.991573
979	45.762627
980	44.8795
981	18.022469
982	49.434483
983	34.214672
984	21.727879
985	59.133446
986	32.116627
987	46.11008
988	2.4705927
989	13.78317
990	36.558285
991	24.291853
992	49.02753
993	37.91414
994	18.881643
995	59.607243
996	15.586903
997	13.433144
998	4.5468264
999	26.98214
1000	19.707022
1001	12.219665
1002	50.394337
1003	12.987613
1004	16.46221
1005	11.538349
1006	5.03933
1007	43.627834
1008	18.602463
1009	43.31633
1010	7.970389
1011	52.00635
1012	15.710847
1013	21.485224
1014	31.244953
1015	35.74436
1016	34.81531
1017	51.841515
1018	44.95882
1019	4.590985
1020	55.009235
1021	54.758015
1022	4.174841
1023	20.556337
1024	5.73715
1025	37.06091
1026	48.053272
1027	37.251278
1028	5.916069
1029	29.299309
1030	31.858648
1031	42.063545
1032	1.7377177
1033	17.75613
1034	31.71817
1035	37.55837
1036	54.78565
1037	4.3318224
1038	50.61536
1039	27.684908
1040	1.3030754
1041	26.876959
1042	28.587599
1043	2.9968743
1044	21.769587
1045	9.412492
1046	8.346818
1047	28.150043
1048	57.90545
1049	11.242213
1050	13.334636
1051	46.51234
1052	34.53855
1053	4.447933
1054	23.106293
1055	19.839117
1056	14.7646675
1057	43.90097
1058	22.255854
1059	39.006092
1060	53.224457
1061	39.132397
1062	12.972308
1063	49.77922
1064	11.423301
1065	34.33201
1066	8.526303
1067	35.38523
1068	19.558634
1069	47.44848
1070	5.818065
1071	23.805416
1072	21.752653
1073	53.56096
1074	40.429943
1075	16.2391
1076	11.524864
1077	26.86529
1078	42.563885
1079	44.474014
1080	15.757695
1081	23.435019
1082	0.18672167
1083	33.386494
1084	15.426919
1085	43.810387
1086	29.984436
1087	15.343889
1088	22.182528
1089	11.107892
1090	31.259731
1091	22.277336
1092	19.055363
1093	17.760748
1094	7.249155
1095	28.45116
1096	18.971786
1097	22.62428
1098	36.80957
1099	36.571148
1100	29.7
1101	9.652928
1102	39.67772
1103	37.159103
1104	4.418124
1105	29.453154
1106	4.38554
1107	19.031097
1108	3.2854784
1109	35.73926
1110	39.417725
1111	27.252234
1112	13.214937
1113	20.06674
1114	5.327064
1115	14.100638
1116	30.485668
1117	0.19042778
1118	28.27686
1119	19.163858
1120	7.280688
1121	13.352689
1122	29.149746
1123	13.314163
1124	28.091139
1125	10.88973
1126	34.62496
1127	55.987972
1128	2.4903438
1129	25.316936
1130	42.318073
1131	12.365619
1132	31.733948
1133	36.740677
1134	1.0373666
1135	23.683884
1136	13.915122
1137	24.992361
1138	49.246166
1139	4.1723404
1140	29.745827
1141	27.825562
1142	12.294679
1143	5.2683434
1144	0.19929963
1145	33.742435
1146	24.494038
1147	56.593655
1148	0.3718447
1149	24.866102
1150	19.350588
1151	15.37274
1152	35.46781
1153	33.452415
1154	24.362759
1155	21.399792
1156	48.514156
1157	44.38624
1158	9.419231
1159	16.056429
1160	10.23226
1161	20.483925
1162	16.990137
1163	0.741322
1164	24.385519
1165	9.19866
1166	51.93074
1167	38.73788
1168	29.853598
1169	31.879358
1170	7.17315
1171	10.263483
1172	36.699986
1173	48.830338
1174	30.290525
1175	5.1442084
1176	24.377346
1177	21.642906
1178	35.82454
1179	9.075952
1180	2.9703088
1181	19.91293
1182	5.59596
1183	7.287675
1184	0.5033719
1185	12.580623
1186	9.1243105
1187	2.189386
1188	44.59579
1189	39.57116
1190	11.867115
1191	18.788052
1192	35.783913
1193	1.6490943
1194	24.01871
1195	46.47993
1196	27.76317
1197	34.69231
1198	30.077354
1199	14.467346
1200	20.061964
1201	20.614677
1202	47.30728
1203	25.053413
1204	0.54822785
1205	36.596607
1206	56.46735
1207	15.223698
1208	10.988197
1209	25.876207
1210	49.273796
1211	23.597662
1212	4.1184936
1213	39.719276
1214	27.936642
1215	14.741307
1216	38.863567
1217	32.360878
1218	4.658199
1219	38.348698
1220	2.512632
1221	3.0890572
1222	22.222235
1223	35.792934
1224	13.455335
1225	37.707603
1226	34.399952
1227	19.926168
1228	33.485508
1229	35.306232
1230	3.1216662
1231	13.012003
1232	44.71763
1233	55.58292
1234	48.210697
1235	52.302647
1236	22.82065
1237	46.904564
1238	4.948596
1239	23.02707
1240	39.29348
1241	12.454655
1242	41.097446
1243	22.946365
1244	10.557275
1245	21.141964
1246	0.55612737
1247	15.567691
1248	23.81573
1249	0.13850354
1250	27.17671
1251	12.48014
1252	8.634356
1253	6.5247984
1254	22.137712
1255	33.766712
1256	20.749224
1257	25.27116
1258	2.4244666
1259	27.50738
1260	10.170733
1261	9.780745
1262	29.484795
1263	10.202544
1264	24.317518
1265	1.9269279
1266	26.593252
1267	6.660559
1268	13.675972
1269	4.946654
1270	7.505467
1271	21.322977
1272	33.00616
1273	38.013733
1274	0.99030674
1275	35.005714
1276	19.409742
1277	29.13068
1278	28.224644
1279	27.56695
1280	43.259262
1281	13.202441
1282	11.248504
1283	36.872437
1284	35.201744
1285	42.641106
1286	39.613754
1287	57.477974
1288	58.94116
1289	21.862911
1290	52.676426
1291	51.94382
1292	19.012705
1293	20.46628
1294	54.319317
1295	21.867945
1296	25.836771
1297	31.378756
1298	35.99955
1299	44.843227
1300	53.9068
1301	14.674164
1302	47.312218
1303	20.64207
1304	19.302855
1305	10.186818
1306	19.354912
1307	4.490872
1308	37.927643
1309	20.358019
1310	49.289036
1311	46.11743
1312	38.55748
1313	19.178799
1314	48.318256
1315	19.32706
1316	26.961805
1317	59.285908
1318	50.923035
1319	39.653927
1320	24.457346
1321	14.541871
1322	33.793304
1323	33.87325
1324	9.815408
1325	39.042084
1326	14.563709
1327	49.864216
1328	57.009285
1329	39.250336
1330	20.481234
1331	3.1822197
1332	36.09039
1333	2.9190288
1334	0.19387384
1335	30.961271
1336	2.12749
1337	1.9407685
1338	44.16575
1339	56.883923
1340	57.330986
1341	14.622358
1342	2.9552975
1343	10.722846
1344	24.805256
1345	43.211853
1346	34.426544
1347	59.427284
1348	42.782227
1349	11.200832
1350	24.18601
1351	0.731582
1352	9.224418
1353	29.24031
1354	37.385513
1355	9.891852
1356	18.345978
1357	38.45027
1358	14.503821
1359	15.410797
1360	32.88532
1361	15.469094
1362	18.817694
1363	10.489532
1364	28.873104
1365	54.780598
1366	27.654743
1367	31.250406
1368	35.713154
1369	18.02956
1370	58.78813
1371	35.341686
1372	16.387386
1373	6.729505
1374	36.520107
1375	36.545063
1376	39.04963
1377	7.502263
1378	48.216507
1379	17.927538
1380	0.35983664
1381	10.851603
1382	5.4733467
1383	35.981495
1384	33.18052
1385	22.166643
1386	27.175922
1387	43.588985
1388	38.06119
1389	14.568305
1390	38.731686
1391	44.419178
1392	36.841305
1393	35.322655
1394	11.267215
1395	0.59475297
1396	20.104416
1397	8.76679
1398	48.0465
1399	59.075687
1400	22.869589
1401	37.642414
1402	51.26057
1403	19.954475
1404	20.859524
1405	6.2361445
1406	10.873646
1407	21.673138
1408	41.032547
1409	35.85453
1410	16.37114
1411	45.61379
1412	42.038246
1413	15.915588
1414	31.915203
1415	18.101385
1416	44.08383
1417	21.60476
1418	6.8920946
1419	11.682853
1420	37.67336
1421	40.303226
1422	2.3911338
1423	50.940178
1424	33.829178
1425	21.036917
1426	9.328676
1427	40.384052
1428	21.246798
1429	16.748228
1430	39.39269
1431	17.74243
1432	21.797434
1433	9.41938
1434	2.8845932
1435	2.2031884
1436	8.591359
1437	1.0516341
1438	4.6355286
1439	1.8722475
1440	46.447193
1441	1.6868712
1442	31.410322
1443	57.205513
1444	56.59166
1445	24.140913
1446	11.557218
1447	20.69867
1448	27.141058
1449	50.817314
1450	11.154206
1451	45.162567
1452	59.17542
1453	25.0586
1454	11.018205
1455	42.722984
1456	53.330097
1457	36.50038
1458	21.365828
1459	40.03652
1460	25.181456
1461	38.506702
1462	53.78926
1463	42.0605
1464	33.065956
1465	1.714537
1466	7.3365693
1467	10.778472
1468	12.393627
1469	55.08993
1470	31.101976
1471	31.405134
1472	16.908802
1473	24.169695
1474	49.872654
1475	42.25134
1476	14.447948
1477	6.6989665
1478	8.769557
1479	43.836056
1480	37.915462
1481	23.061413
1482	31.492817
1483	6.74579
1484	3.8503947
1485	58.51243
1486	25.372772
1487	13.087877
1488	20.144798
1489	10.12397
1490	42.636776
1491	55.550415
1492	25.611326
1493	17.062477
1494	7.664869
1495	10.532828
1496	3.975011
1497	7.027611
1498	13.02793
1499	56.58313
1500	28.256716
1501	56.15223
1502	29.9121
1503	18.459955
1504	12.513291
1505	17.387455
1506	28.7161
1507	26.164665
1508	38.285202
1509	46.363007
1510	34.00475
1511	21.332224
1512	21.675589
1513	53.258663
1514	21.980808
1515	29.922192
1516	25.521044
1517	12.572957
1518	30.73328
1519	1.4735141
1520	23.237444
1521	30.15568
1522	4.5000286
1523	26.333603
1524	33.78704
1525	17.930595
1526	44.040104
1527	59.210197
1528	5.9178476
1529	47.308453
1530	36.184513
1531	28.015617
1532	48.92873
1533	11.341114
1534	14.006397
1535	34.045353
1536	51.20256
1537	4.4989505
1538	24.805868
1539	31.040272
1540	5.049315
1541	7.524685
1542	51.208687
1543	24.308424
1544	30.669905
1545	38.32719
1546	5.992005
1547	21.363157
1548	5.948218
1549	35.45626
1550	14.9897585
1551	39.618134
1552	34.32823
1553	8.856848
1554	46.726418
1555	26.779837
1556	36.353287
1557	26.932346
1558	39.668964
1559	37.59642
1560	6.3433414
1561	23.440845
1562	57.385063
1563	3.0883763
1564	17.633583
1565	26.445675
1566	3.0622053
1567	20.80142
1568	44.720806
1569	34.97001
1570	21.557177
1571	10.6537075
1572	14.957435
1573	12.359609
1574	18.15371
1575	35.137962
1576	20.223467
1577	17.80104
1578	34.530064
1579	12.811468
1580	28.355862
1581	12.155726
1582	20.085804
1583	14.752781
1584	44.05404
1585	39.372467
1586	33.254597
1587	7.079288
1588	43.12197
1589	48.204155
1590	6.0477033
1591	1.7440392
1592	7.1898184
1593	3.6946805
1594	34.898403
1595	31.996626
1596	1.4172075
1597	10.97401
1598	1.9781723
1599	25.150532
1600	39.93061
1601	10.042096
1602	50.76928
1603	2.1769562
1604	23.891396
1605	27.783825
1606	52.085003
1607	23.3224
1608	6.0084977
1609	20.564323
1610	38.58434
1611	7.2476997
1612	8.059972
1613	11.924502
1614	16.67875
1615	27.12598
1616	21.633753
1617	39.109516
1618	32.272503
1619	21.10458
1620	27.50673
1621	32.15081
1622	37.631195
1623	20.228588
1624	22.748957
1625	5.224016
1626	57.6917
1627	8.112721
1628	3.526419
1629	40.22429
1630	19.263073
1631	19.29705
1632	32.152203
1633	3.476091
1634	8.211943
1635	52.57832
1636	47.059273
1637	7.043905
1638	1.3244421
1639	3.4430075
1640	26.41436
1641	0.7237121
1642	21.299608
1643	5.764916
1644	11.492465
1645	1.9529287
1646	23.337511
1647	29.708351
1648	28.746393
1649	0.8268119
1650	45.02898
1651	25.689137
1652	56.873417
1653	13.13176
1654	14.758734
1655	15.958418
1656	29.19696
1657	30.202017
1658	29.326109
1659	48.2789
1660	42.62953
1661	1.6018044
1662	30.442137
1663	22.13035
1664	36.712032
1665	12.530675
1666	25.788427
1667	37.013832
1668	16.1981
1669	25.163595
1670	48.78432
1671	56.9204
1672	30.187387
1673	28.544884
1674	10.557367
1675	7.9343333
1676	5.1342387
1677	5.97907
1678	31.553354
1679	26.407164
1680	18.188581
1681	33.92588
1682	33.579975
1683	27.197386
1684	49.70416
1685	3.5742373
1686	2.9316726
1687	51.935295
1688	52.422726
1689	10.976424
1690	30.959415
1691	10.382264
1692	55.679974
1693	48.509888
1694	40.12277
1695	28.93196
1696	42.020203
1697	3.0773985
1698	57.44128
1699	51.488495
1700	27.756834
1701	10.217255
1702	4.5928335
1703	17.26274
1704	1.0035642
1705	16.705051
1706	44.53792
1707	15.320472
1708	39.68841
1709	17.966232
1710	3.4039328
1711	33.902287
1712	17.913715
1713	46.4713
1714	10.051331
1715	33.18709
1716	15.583952
1717	12.2855625
1718	20.743584
1719	35.171093
1720	39.610832
1721	44.161507
1722	11.272969
1723	23.973335
1724	16.442009
1725	20.541609
1726	39.94349
1727	30.256706
1728	14.439642
1729	9.732427
1730	22.593075
1731	48.17928
1732	35.66953
1733	18.960377
1734	0.93195844
1735	11.981966
1736	5.3794208
1737	7.9700775
1738	52.94197
1739	11.909617
1740	14.706494
1741	28.167377
1742	35.84965
1743	34.492332
1744	20.5517
1745	3.7907171
1746	38.78146
1747	30.114454
1748	26.674578
1749	17.782019
1750	11.59496
1751	21.12523
1752	46.134277
1753	11.066145
1754	22.585936
1755	14.386031
1756	37.147003
1757	21.096958
1758	0.28436455
1759	50.661957
1760	13.302234
1761	33.04649
1762	38.151535
1763	49.262535
1764	21.426289
1765	22.802336
1766	9.59099
1767	12.005134
1768	42.960663
1769	24.725832
1770	2.5879328
1771	24.389187
1772	3.462717
1773	15.161542
1774	12.943178
1775	1.4910243
1776	33.011623
1777	56.059647
1778	58.001663
1779	1.8603255
1780	22.4062
1781	43.880737
1782	9.023008
1783	17.28324
1784	43.29726
1785	31.180094
1786	36.831966
1787	13.540953
1788	21.404455
1789	58.417995
1790	29.342611
1791	13.696246
1792	34.64277
1793	1.58476
1794	28.500555
1795	22.287542
1796	57.55483
1797	20.60944
1798	42.148823
1799	28.943645
1800	15.291444
1801	58.153904
1802	20.755615
1803	10.305871
1804	0.87950855
1805	34.01849
1806	23.327581
1807	32.49424
1808	23.235935
1809	5.6509604
1810	4.7926397
1811	23.294786
1812	33.71607
1813	17.924908
1814	44.065907
1815	58.587666
1816	57.34907
1817	26.523216
1818	11.138827
1819	21.579943
1820	20.834417
1821	37.057175
1822	26.098665
1823	0.7343696
1824	30.796196
1825	19.317568
1826	11.915057
1827	22.381687
1828	28.989693
1829	40.10972
1830	10.953353
1831	6.727677
1832	32.13322
1833	58.50677
1834	13.261644
1835	31.551872
1836	16.912071
1837	0.3180725
1838	9.678362
1839	12.894796
1840	35.701447
1841	13.569474
1842	14.787003
1843	42.173313
1844	20.346697
1845	29.2229
1846	2.8718426
1847	25.285053
1848	21.84584
1849	3.7224886
1850	7.9500217
1851	35.83442
1852	14.476654
1853	17.507008
1854	19.60928
1855	2.853619
1856	3.6871333
1857	59.782204
1858	12.62977
1859	51.292892
1860	36.295734
1861	1.0941056
1862	16.343615
1863	0.14919007
1864	12.398425
1865	3.6999507
1866	38.41406
1867	21.356943
1868	10.869017
1869	49.194485
1870	52.952732
1871	17.454603
1872	8.514047
1873	36.1999
1874	5.8245344
1875	26.145956
1876	8.009595
1877	13.863209
1878	10.278843
1879	17.831436
1880	10.658234
1881	54.09874
1882	48.47696
1883	30.268253
1884	36.62637
1885	48.06466
1886	21.910696
1887	35.0535
1888	20.918934
1889	34.670563
1890	29.156576
1891	8.612273
1892	28.77347
1893	21.738035
1894	47.196785
1895	13.795234
1896	5.325649
1897	5.813123
1898	39.66684
1899	21.921751
1900	47.8883
1901	29.637308
1902	11.740226
1903	33.315468
1904	35.140846
1905	19.09423
1906	49.1495
1907	3.5856564
1908	25.395386
1909	10.402653
1910	19.713692
1911	38.989388
1912	8.830939
1913	4.179442
1914	29.92137
1915	52.359577
1916	39.724934
1917	55.15343
1918	5.1199937
1919	29.701944
1920	16.923733
1921	21.943823
1922	30.578474
1923	55.977356
1924	34.62752
1925	18.942657
1926	51.777218
1927	45.94464
1928	30.094389
1929	6.6803885
1930	43.487488
1931	17.214113
1932	5.5675187
1933	57.52908
1934	33.894924
1935	0.58336884
1936	3.9038744
1937	3.0690463
1938	3.455435
1939	31.922052
1940	20.006369
1941	17.126352
1942	52.73206
1943	7.619947
1944	36.759987
1945	59.81378
1946	20.430706
1947	21.434526
1948	44.707912
1949	10.937312
1950	36.983868
1951	8.944742
1952	49.005333
1953	25.929178
1954	34.66452
1955	38.55024
1956	21.975979
1957	1.811526
1958	53.321106
1959	28.578146
1960	13.533649
1961	49.341187
1962	22.547129
1963	3.164533
1964	34.309593
1965	39.205437
1966	54.70295
1967	10.911983
1968	54.644436
1969	0.3978251
1970	51.494957
1971	0.37149793
1972	20.184744
1973	8.907747
1974	35.564556
1975	29.633566
1976	26.963238
1977	56.561676
1978	44.78014
1979	18.839426
1980	37.163536
1981	26.0912
1982	12.423844
1983	20.16216
1984	49.768692
1985	26.679752
1986	49.78081
1987	48.900585
1988	50.209538
1989	14.57956
1990	16.893875
1991	22.201138
1992	12.7851
1993	17.830757
1994	15.757583
1995	56.995308
1996	32.720394
1997	20.762026
1998	13.622807
1999	12.626495
2000	16.075722
2001	4.636889
2002	32.814987
2003	27.372978
2004	30.111494
2005	48.96487
2006	55.48675
2007	3.2777548
2008	17.721666
2009	38.96703
2010	16.90602
2011	48.32918
2012	21.762535
2013	48.020317
2014	0.24451177
2015	8.631265
2016	11.781412
2017	18.93386
2018	14.73906
2019	15.490279
2020	19.825638
2021	52.00398
2022	8.29025
2023	20.296413
2024	28.453726
2025	32.591087
2026	16.311895
2027	48.328255
2028	14.512418
2029	51.452362
2030	18.673723
2031	30.75305
2032	9.186569
2033	6.3981752
2034	20.85744
2035	14.60692
2036	7.7938313
2037	9.38432
2038	21.431099
2039	47.760532
2040	52.95905
2041	4.5923996
2042	0.9385507
2043	13.097432
2044	38.787174
2045	14.763348
2046	4.6088247
2047	12.328862
2048	23.127506
2049	9.004013
2050	26.14551
2051	25.946068
2052	23.98145
2053	58.22964
2054	35.753777
2055	17.14728
2056	31.160505
2057	53.649582
2058	10.566076
2059	4.081339
2060	53.74141
2061	5.093076
2062	40.5134
2063	29.70486
2064	28.865227
2065	0.9719922
2066	7.6889753
2067	43.549793
2068	22.427351
2069	59.04973
2070	27.199097
2071	30.166895
2072	41.392376
2073	5.376968
2074	36.752884
2075	0.110852726
2076	6.5831027
2077	17.947285
2078	42.85787
2079	30.477135
2080	6.7098885
2081	19.573378
2082	19.772787
2083	56.80727
2084	1.092917
2085	19.536564
2086	34.64609
2087	38.084953
2088	5.8525467
2089	59.19649
2090	28.059996
2091	49.090656
2092	37.635166
2093	57.809784
2094	42.87468
2095	18.835627
2096	28.797428
2097	32.633965
2098	56.743523
2099	49.934727
2100	53.93551
2101	27.920843
2102	5.2863946
2103	24.315435
2104	31.242918
2105	30.548382
2106	42.819714
2107	11.514627
2108	21.739489
2109	36.7131
2110	23.775837
2111	18.863062
2112	5.1397223
2113	12.469136
2114	15.164424
2115	2.348924
2116	3.4859252
2117	21.16971
2118	33.72802
2119	15.887098
2120	20.69845
2121	28.81247
2122	30.387396
2123	3.508914
2124	13.719871
2125	29.562798
2126	26.048733
2127	43.50093
2128	34.785152
2129	25.720842
2130	37.34852
2131	15.274414
2132	40.77802
2133	5.692689
2134	52.883102
2135	25.762426
2136	22.720396
2137	49.262554
2138	25.469696
2139	57.14135
2140	13.441733
2141	14.462876
2142	32.241768
2143	31.230589
2144	18.073725
2145	20.334974
2146	25.476088
2147	6.580226
2148	34.742264
2149	7.186401
2150	34.926273
2151	31.864927
2152	11.771425
2153	21.064732
2154	30.298544
2155	7.202708
2156	20.132744
2157	57.93646
2158	41.336285
2159	14.347551
2160	21.937916
2161	15.051539
2162	49.835373
2163	7.7025814
2164	12.951261
2165	37.131306
2166	16.991838
2167	35.89995
2168	12.039636
2169	35.10742
2170	5.9337816
2171	29.481657
2172	24.696148
2173	48.082027
2174	19.734165
2175	38.470356
2176	50.37983
2177	7.1977015
2178	50.67245
2179	26.669306
2180	23.58123
2181	27.989305
2182	23.586874
2183	38.62419
2184	12.631207
2185	17.68932
2186	10.49027
2187	15.970173
2188	13.255843
2189	11.512737
2190	8.405293
2191	16.07859
2192	48.27648
2193	9.511463
2194	37.906216
2195	18.528893
2196	51.47415
2197	12.499268
2198	42.74365
2199	39.561203
2200	27.451727
2201	34.785126
2202	25.589289
2203	7.913144
2204	3.8110425
2205	38.193653
2206	38.679314
2207	41.611687
2208	25.057606
2209	39.523075
2210	35.1732
2211	1.5486752
2212	35.359898
2213	34.319767
2214	52.74595
2215	37.607353
2216	23.781027
2217	43.684208
2218	50.500156
2219	54.460213
2220	58.80126
2221	18.203382
2222	55.847176
2223	11.181956
2224	0.1904213
2225	41.32304
2226	11.967959
2227	4.010677
2228	51.90198
2229	50.40143
2230	43.709316
2231	18.945429
2232	44.660812
2233	23.166817
2234	20.281078
2235	21.158188
2236	1.9163504
2237	36.700233
2238	3.732385
2239	54.085987
2240	47.83317
2241	55.545578
2242	12.695191
2243	1.3587487
2244	20.990765
2245	8.3088665
2246	18.128107
2247	22.250765
2248	9.574822
2249	5.806289
2250	11.320516
2251	27.616816
2252	31.437057
2253	28.060968
2254	40.171936
2255	23.938545
2256	30.667915
2257	27.806803
2258	19.306477
2259	22.133165
2260	14.52821
2261	17.828972
2262	23.740591
2263	57.646214
2264	6.5448775
2265	26.70249
2266	17.440279
2267	37.20165
2268	1.8552805
2269	26.019754
2270	21.130447
2271	1.298459
2272	44.20605
2273	31.004087
2274	40.27172
2275	7.6022367
2276	37.514187
2277	28.56408
2278	38.35316
2279	2.3619475
2280	1.184277
2281	43.92823
2282	52.651928
2283	2.2429395
2284	22.85368
2285	25.78181
2286	58.63196
2287	40.375065
2288	36.90446
2289	21.581436
2290	15.476547
2291	3.9083927
2292	5.272947
2293	37.521294
2294	31.902304
2295	12.257138
2296	24.033846
2297	37.408646
2298	34.180958
2299	29.24798
2300	26.746553
2301	42.848064
2302	19.859713
2303	3.5281568
