0	10.616182
1	39.77713
2	59.69942
3	28.840273
4	15.584751
5	45.195713
6	7.867155
7	8.488696
8	31.984251
9	46.42761
10	27.237122
11	12.455167
12	39.116226
13	50.94375
14	26.90991
15	25.918428
16	15.428199
17	25.986834
18	6.4285736
19	20.959177
20	10.82707
21	53.36789
22	7.841575
23	58.08537
24	19.640034
25	6.044992
26	30.85982
27	44.1198
28	38.70726
29	37.719864
30	19.313301
31	3.66904
32	2.7078047
33	5.3929677
34	26.605116
35	1.928777
36	56.873962
37	57.207584
38	2.0565293
39	20.709677
40	4.089128
41	14.449937
42	13.559201
43	31.74013
44	28.278963
45	5.014255
46	44.29403
47	46.919014
48	17.43173
49	42.18548
50	7.5150385
51	6.670171
52	50.455944
53	27.338274
54	58.742996
55	7.8134966
56	29.363064
57	32.159565
58	26.963127
59	6.6019053
60	20.16503
61	33.320026
62	38.700092
63	2.2394984
64	4.247785
65	8.372309
66	43.310112
67	48.360184
68	5.0963197
69	30.277025
70	48.750683
71	32.82849
72	47.219807
73	32.752872
74	16.110254
75	38.04435
76	15.037237
77	56.095104
78	28.369413
79	38.82494
80	7.332685
81	52.805573
82	17.120283
83	1.6229836
84	26.980185
85	58.424564
86	51.92864
87	0.13313255
88	9.159229
89	19.598494
90	39.30576
91	0.8572729
92	33.033646
93	1.9010483
94	38.790283
95	16.637741
96	6.1782427
97	10.215556
98	23.452541
99	24.231884
100	12.419683
101	59.531044
102	39.08436
103	10.664846
104	23.358322
105	6.807057
106	28.863615
107	47.567432
108	32.820805
109	38.506374
110	23.729916
111	37.625267
112	45.371826
113	14.058828
114	21.220995
115	31.940088
116	0.78608173
117	20.637087
118	8.502403
119	33.91801
120	53.14051
121	8.10101
122	51.052826
123	9.874963
124	57.368107
125	55.587708
126	44.073235
127	26.259796
128	34.747097
129	18.707504
130	47.286247
131	18.201889
132	7.6159143
133	38.614296
134	32.446396
135	26.225266
136	53.94613
137	1.9002869
138	22.680994
139	41.85796
140	38.670822
141	40.26138
142	38.52401
143	38.625057
144	9.633726
145	2.562758
146	32.885414
147	20.850382
148	6.34028
149	5.429769
150	9.893503
151	6.209297
152	18.04662
153	30.257748
154	27.186403
155	11.242698
156	27.41616
157	22.586971
158	11.806413
159	51.15603
160	32.528847
161	41.546604
162	12.635428
163	39.414684
164	51.65994
165	28.13147
166	37.213764
167	49.64831
168	29.418411
169	16.51429
170	38.343063
171	11.03524
172	14.138949
173	44.85632
174	9.374065
175	7.394126
176	11.39965
177	51.719723
178	7.638423
179	42.708416
180	41.382477
181	9.431749
182	36.339603
183	45.975677
184	22.814264
185	10.452154
186	20.422676
187	33.09695
188	14.835361
189	24.85421
190	9.080072
191	51.58607
192	37.045227
193	14.805613
194	45.48672
195	21.057674
196	10.984936
197	25.908115
198	54.160778
199	5.9565625
200	41.127975
201	53.406487
202	39.708748
203	58.001835
204	59.731068
205	29.692427
206	33.04499
207	35.730255
208	43.843235
209	52.643673
210	37.215763
211	12.432369
212	4.8328123
213	31.89332
214	58.39599
215	59.388676
216	28.852215
217	30.32898
218	3.0832186
219	31.28839
220	21.63946
221	6.9090786
222	53.91832
223	59.177284
224	23.71619
225	33.529057
226	2.4164002
227	29.56145
228	22.289743
229	39.04279
230	34.41842
231	17.989943
232	30.440449
233	9.24549
234	18.941916
235	39.92208
236	24.01298
237	22.790833
238	21.945002
239	11.443279
240	26.959766
241	50.99551
242	26.26417
243	0.45473132
244	12.528858
245	0.5735977
246	53.738052
247	19.861757
248	34.922707
249	21.144758
250	3.965596
251	49.810112
252	38.322636
253	4.4039836
254	17.674967
255	10.93872
256	1.7454315
257	6.754055
258	14.905162
259	56.3692
260	5.596404
261	14.112458
262	27.31542
263	34.31662
264	33.975243
265	10.285632
266	11.207174
267	55.336155
268	17.401678
269	26.75573
270	31.590113
271	37.757477
272	15.444524
273	23.624546
274	53.72352
275	6.225929
276	41.417946
277	35.94827
278	36.651043
279	21.826954
280	16.063297
281	32.477432
282	33.57139
283	3.5306852
284	59.266396
285	48.649982
286	15.372155
287	48.322624
288	3.3364618
289	28.043467
290	20.882984
291	4.262464
292	13.205456
293	40.33956
294	20.761055
295	12.630522
296	27.133907
297	29.757008
298	15.591414
299	13.958754
300	11.105285
301	5.597475
302	13.924589
303	13.328558
304	13.830189
305	38.575348
306	34.7938
307	33.47442
308	14.272404
309	11.045132
310	28.72913
311	1.4099864
312	29.60245
313	36.81413
314	31.391588
315	10.204211
316	26.56893
317	6.350078
318	36.93771
319	33.44848
320	33.40091
321	12.507246
322	45.256893
323	37.942413
324	22.936255
325	51.540962
326	19.720484
327	23.52642
328	7.0487394
329	19.171486
330	11.1636095
331	35.98397
332	23.866232
333	50.86099
334	4.473699
335	26.898565
336	34.279564
337	2.35584
338	44.583576
339	7.8268213
340	42.142014
341	3.500389
342	27.584455
343	11.400271
344	5.888029
345	35.478577
346	19.760012
347	32.37835
348	12.755077
349	52.37152
350	40.246185
351	52.644264
352	32.853165
353	7.4985437
354	38.324745
355	50.85383
356	55.727066
357	10.435015
358	9.809814
359	33.810364
360	2.9203942
361	7.707152
362	13.443287
363	5.7508025
364	16.526203
365	39.40687
366	3.3379805
367	14.335578
368	22.480165
369	13.490234
370	16.567217
371	35.64974
372	37.72789
373	2.7042563
374	32.940292
375	46.684753
376	34.08056
377	48.739254
378	31.163328
379	21.206215
380	36.10775
381	26.19725
382	16.74419
383	27.054247
384	0.27438912
385	47.0062
386	34.364666
387	40.9698
388	41.88203
389	51.265816
390	22.93386
391	29.673672
392	2.8627906
393	39.395515
394	6.2614017
395	57.88631
396	20.551096
397	30.929197
398	25.422861
399	39.65866
400	40.234142
401	34.383858
402	45.62809
403	45.02877
404	10.0827265
405	49.835857
406	0.2663584
407	37.788525
408	45.98995
409	41.170856
410	27.790594
411	12.039295
412	55.896023
413	8.430311
414	13.216179
415	15.234884
416	28.353197
417	2.259634
418	5.2481327
419	33.554657
420	18.385632
421	12.169969
422	42.413757
423	11.71929
424	5.1248107
425	28.157679
426	7.0660677
427	23.756084
428	50.251842
429	21.18268
430	14.736681
431	3.7403708
432	53.95383
433	12.088686
434	38.055077
435	26.183954
436	25.90224
437	20.755575
438	59.314396
439	14.511234
440	2.6869454
441	47.606045
442	43.752327
443	12.958015
444	18.241789
445	26.612053
446	37.436466
447	0.22812359
448	27.949959
449	36.527466
450	13.494689
451	14.190298
452	2.9172752
453	34.65993
454	17.095835
455	43.996037
456	22.547993
457	4.5269117
458	59.357777
459	37.607708
460	33.162746
461	47.405663
462	29.833857
463	0.41239867
464	43.424637
465	11.517515
466	22.979853
467	21.167074
468	48.040474
469	16.159872
470	39.467377
471	41.279396
472	43.11809
473	17.634504
474	57.92397
475	17.44898
476	49.83863
477	7.446133
478	16.107773
479	13.806181
480	8.103842
481	28.764395
482	6.5326233
483	51.14972
484	6.8270774
485	33.014893
486	24.74488
487	58.399887
488	14.823122
489	3.5845408
490	26.850864
491	32.094597
492	21.264853
493	49.535812
494	27.298923
495	36.985016
496	41.03211
497	20.300034
498	3.1489155
499	25.088127
500	12.583547
501	36.87617
502	20.659868
503	22.993433
504	12.212514
505	59.614742
506	27.759638
507	11.216631
508	55.310715
509	11.593959
510	35.088367
511	26.414547
512	26.29194
513	36.058678
514	27.237774
515	8.134993
516	4.2929187
517	11.58376
518	10.976312
519	58.673096
520	26.43326
521	7.4631925
522	32.196243
523	15.458133
524	17.727016
525	5.184475
526	38.692024
527	4.3302507
528	7.255224
529	56.847553
530	10.879349
531	38.976845
532	34.71782
533	26.042336
534	8.213703
535	24.011086
536	31.809082
537	24.461786
538	38.87164
539	17.699635
540	42.930145
541	12.857155
542	23.442596
543	58.246212
544	21.387877
545	19.282667
546	14.448642
547	44.589546
548	11.050582
549	25.343758
550	15.337605
551	13.707903
552	55.943546
553	39.31325
554	32.582138
555	43.265316
556	7.634096
557	7.6730404
558	39.041454
559	25.312382
560	19.69205
561	49.80966
562	2.649926
563	8.526717
564	35.17241
565	3.844835
566	8.923769
567	31.327229
568	7.882266
569	36.40939
570	16.444689
571	7.6552944
572	51.426327
573	1.013577
574	10.612665
575	58.505737
576	22.384012
577	26.39597
578	10.296717
579	16.620037
580	12.445543
581	26.117405
582	57.66186
583	8.055351
584	50.19798
585	27.76014
586	39.90573
587	44.576797
588	43.800087
589	40.802334
590	9.0311365
591	44.449974
592	58.56548
593	5.955499
594	12.757389
595	6.1436667
596	12.490692
597	29.009588
598	54.27653
599	47.374195
600	32.743988
601	30.546131
602	21.067509
603	33.127308
604	1.3064089
605	24.462013
606	52.219578
607	14.438001
608	21.96557
609	40.687027
610	16.497377
611	25.55599
612	31.803017
613	13.309044
614	26.384726
615	45.707584
616	42.453594
617	21.441011
618	35.380836
619	31.323887
620	24.221111
621	53.42442
622	26.421244
623	58.74734
624	4.887989
625	51.10012
626	43.907097
627	22.931692
628	5.0604
629	6.37486
630	18.936872
631	24.77395
632	7.0475783
633	19.967842
634	12.43249
635	23.207787
636	9.635056
637	17.629848
638	54.032406
639	16.037554
640	32.562542
641	24.827173
642	35.895386
643	38.251667
644	51.377823
645	19.596825
646	54.489323
647	37.98943
648	5.7790537
649	28.613117
650	8.709888
651	3.2265034
652	9.4475155
653	30.481873
654	22.871141
655	34.0852
656	20.268145
657	43.271248
658	3.0968328
659	1.0202428
660	20.872929
661	20.49657
662	35.14132
663	55.88269
664	1.5460558
665	38.60772
666	0.5874364
667	19.61636
668	46.14934
669	15.182647
670	24.144337
671	35.323692
672	46.631516
673	47.786354
674	14.737023
675	22.331324
676	34.254204
677	4.6114564
678	3.2251077
679	19.380798
680	36.822132
681	53.4953
682	21.045282
683	14.160584
684	36.725292
685	4.174486
686	41.713306
687	37.54664
688	16.526827
689	12.0612755
690	53.440716
691	36.758556
692	14.3689165
693	10.1611395
694	34.492474
695	58.606182
696	5.225529
697	32.933937
698	37.445526
699	26.031004
700	47.16577
701	36.226383
702	3.7455344
703	20.207794
704	13.1783285
705	24.402733
706	10.964231
707	30.309668
708	21.267876
709	10.779914
710	37.87272
711	18.8938
712	8.225421
713	35.626774
714	43.393738
715	46.655796
716	41.6436
717	18.871784
718	2.8393776
719	36.917015
720	5.170592
721	39.2054
722	37.30913
723	22.97434
724	42.818226
725	9.265298
726	24.499918
727	30.094315
728	25.813921
729	54.59848
730	13.503632
731	3.3362267
732	11.30652
733	2.5396352
734	29.516346
735	37.682
736	16.366898
737	36.76469
738	39.951305
739	29.752544
740	7.703345
741	3.8425632
742	59.548744
743	32.376766
744	21.671795
745	44.822857
746	3.0181625
747	11.35969
748	18.705675
749	38.592846
750	33.44064
751	12.788852
752	13.837975
753	20.522255
754	7.0783305
755	51.223293
756	38.33704
757	7.970806
758	26.409136
759	3.0892484
760	31.339445
761	41.60815
762	13.703695
763	22.165115
764	40.286892
765	39.014015
766	39.29501
767	22.341877
768	22.857332
769	27.547787
770	43.211674
771	52.278095
772	5.896024
773	4.931591
774	40.273766
775	20.874872
776	6.6762114
777	17.13869
778	39.519825
779	20.68859
780	22.700497
781	10.216665
782	37.386196
783	12.00331
784	28.820442
785	3.4860487
786	13.557006
787	49.548588
788	18.877523
789	0.16975965
790	4.675389
791	11.734405
792	30.136475
793	10.3791275
794	43.510754
795	0.86907583
796	10.675994
797	22.2899
798	5.0762205
799	30.03475
800	20.86628
801	10.969061
802	35.178555
803	47.910225
804	6.838625
805	49.767307
806	56.33601
807	6.4492836
808	30.76729
809	9.237671
810	39.237877
811	5.56372
812	34.323376
813	16.425274
814	28.203224
815	20.981739
816	0.83378047
817	36.892056
818	14.649634
819	14.715759
820	1.3245698
821	2.1626112
822	16.432173
823	14.613695
824	13.62119
825	24.785646
826	18.90518
827	55.204292
828	10.225547
829	7.348405
830	17.821962
831	38.38269
832	40.797844
833	45.952614
834	9.934916
835	25.081818
836	27.462053
837	21.104156
838	28.808355
839	10.334229
840	40.127586
841	13.442245
842	30.613096
843	15.315432
844	22.300339
845	7.7532616
846	16.387724
847	27.643324
848	38.273148
849	4.659489
850	53.16609
851	31.4108
852	6.4830575
853	42.221233
854	48.823235
855	16.541317
856	16.6866
857	4.670341
858	26.483032
859	19.989384
860	39.924934
861	56.255966
862	10.325531
863	47.011684
864	27.75049
865	15.242766
866	5.9888434
867	14.937243
868	31.725185
869	34.897366
870	13.924442
871	7.460685
872	31.755274
873	40.970753
874	25.32356
875	47.407356
876	14.114268
877	5.141124
878	2.4576452
879	42.559975
880	25.011442
881	7.79649
882	29.433868
883	27.600075
884	28.128967
885	41.542217
886	7.528206
887	52.762756
888	21.828983
889	3.3595858
890	18.442945
891	21.293705
892	44.61387
893	36.326138
894	28.747053
895	25.02269
896	55.94906
897	19.25714
898	51.788177
899	0.14357544
900	58.95383
901	5.302392
902	34.929832
903	0.44528988
904	1.2969978
905	54.13407
906	11.990659
907	44.69802
908	18.72434
909	22.255959
910	51.715923
911	10.979188
912	44.464622
913	11.17517
914	25.669844
915	21.87334
916	0.48614785
917	35.41399
918	29.890587
919	20.560564
920	5.3956556
921	7.5502934
922	46.673176
923	37.267643
924	56.784393
925	34.610924
926	17.935532
927	30.876976
928	13.213576
929	18.451569
930	32.125393
931	11.677126
932	2.7545512
933	7.4872637
934	34.250374
935	17.08838
936	7.0264125
937	4.4116125
938	16.59337
939	43.218487
940	56.18793
941	15.530074
942	49.1587
943	5.464388
944	51.267723
945	21.676842
946	7.357599
947	47.7086
948	30.438643
949	20.376007
950	23.17654
951	46.50295
952	23.06324
