0	40.594032
1	41.79921
2	8.888971
3	22.945436
4	17.75195
5	35.77627
6	58.256832
7	18.51426
8	66.46626
9	72.11664
10	38.278835
11	27.163792
12	33.26124
13	59.410152
14	81.0992
15	56.933624
16	70.991615
17	49.66595
18	54.81128
19	43.914017
20	42.961037
21	39.15124
22	68.084785
23	37.149963
24	36.14788
25	12.544092
26	22.933916
27	31.623951
28	30.896387
29	79.01648
30	24.815006
31	64.65715
32	18.09811
33	14.854328
34	46.595192
35	36.525665
36	56.78861
37	15.177567
38	4.2831335
39	33.597427
40	24.222286
41	34.024357
42	37.387413
43	62.83735
44	41.47464
45	10.775452
46	76.588066
47	61.391663
48	58.40365
49	56.416466
50	35.717613
51	70.07866
52	35.328056
53	20.352324
54	63.850838
55	29.67745
56	29.96328
57	76.12562
58	20.251064
59	41.908028
60	69.36667
61	59.08679
62	48.737213
63	11.121366
64	31.080637
65	81.2708
66	35.735207
67	46.318817
68	34.12903
69	53.46402
70	59.971245
71	38.404907
72	62.41954
73	72.63143
74	47.02236
75	66.03845
76	53.901375
77	17.208803
78	25.43335
79	24.540352
80	33.638107
81	67.54286
82	73.17289
83	56.43936
84	25.793388
85	29.917099
86	25.525076
87	53.38119
88	66.33472
89	40.026646
90	68.561035
91	38.93204
92	1.2922618
93	42.35402
94	26.31145
95	54.98265
96	25.208214
97	64.278076
98	20.091408
99	31.144024
100	45.378418
101	46.763695
102	34.559982
103	33.522087
104	33.900066
105	68.46986
106	50.90796
107	25.201567
108	92.962845
109	52.94102
110	55.750748
111	37.91624
112	72.95059
113	8.374792
114	45.576508
115	19.49147
116	32.298565
117	62.204674
118	58.085297
119	20.313702
120	35.526604
121	77.918625
122	57.242397
123	32.544926
124	32.659348
125	31.246082
126	12.982191
127	53.764996
128	71.330734
129	65.89525
130	25.079674
131	40.604393
132	84.965675
133	24.179523
134	42.3218
135	49.306026
136	58.837044
137	42.647285
138	39.04233
139	10.526544
140	36.244118
141	55.40007
142	30.899378
143	58.452362
144	82.35624
145	62.36943
146	43.14474
147	70.913315
148	27.263672
149	60.77111
150	25.442863
151	46.758286
152	58.82511
153	49.824837
154	72.69494
155	57.747
156	9.707663
157	9.145213
158	26.893005
159	51.754436
160	30.317497
161	50.81868
162	46.91879
163	39.163795
164	74.34207
165	28.932915
166	69.71724
167	59.096004
168	57.08179
169	34.272827
170	41.966965
171	37.396095
172	69.86742
173	27.362593
174	38.468452
175	65.376915
176	30.616104
177	80.700745
178	18.248198
179	51.60564
180	36.418625
181	49.34881
182	38.508575
183	58.035892
184	29.879583
185	47.093594
186	60.929916
187	12.673664
188	23.934662
189	40.732094
190	31.64964
191	74.12637
192	41.918163
193	56.175495
194	22.35659
195	56.99144
196	36.96498
197	56.438107
198	21.811848
199	32.28342
200	56.741875
201	38.512535
202	43.742104
203	44.3631
204	46.141693
205	53.074863
206	89.13218
207	69.77722
208	37.488014
209	33.070232
210	80.72018
211	70.63805
212	29.441757
213	53.649437
214	35.11618
215	53.551575
216	29.286926
217	32.685646
218	65.307526
219	28.200932
220	26.967703
221	34.161682
222	14.287017
223	78.440735
224	44.087135
225	25.657927
226	27.434671
227	25.425499
228	82.181564
229	82.11916
230	52.06859
231	62.339058
232	45.585983
233	11.504013
234	42.82383
235	61.468414
236	32.937443
237	59.781075
238	29.919296
239	41.088444
240	77.57768
241	43.498047
242	47.201523
243	58.68252
244	71.2045
245	46.67546
246	27.009556
247	38.529552
248	30.161753
249	47.76686
250	38.79827
251	84.52066
252	65.68537
253	24.269108
254	92.4724
255	31.857693
256	20.468466
257	57.79758
258	51.246864
259	73.23918
260	16.819683
261	54.76799
262	48.74058
263	67.72385
264	40.58543
265	34.79113
266	34.558907
267	21.930573
268	68.75306
269	77.450134
270	43.868256
271	40.595768
272	37.246056
273	42.5844
274	58.454456
275	45.53476
276	61.766827
277	38.11058
278	42.67776
279	50.411415
280	45.219807
281	35.697857
282	41.28591
283	41.349213
284	25.94416
285	90.27261
286	26.235193
287	18.207458
288	43.017143
289	38.263397
290	57.337837
291	48.611565
292	46.47515
293	34.023346
294	35.98579
295	19.906897
296	61.52124
297	63.766273
298	38.998238
299	90.863525
300	70.12835
301	30.844746
302	16.854963
303	50.196293
304	22.91358
305	41.628048
306	43.524097
307	85.83583
308	45.142258
309	43.57612
310	76.23992
311	26.590656
312	87.25206
313	54.650265
314	53.121223
315	72.8415
316	25.28824
317	32.52981
318	19.507324
319	20.928062
320	39.803955
321	9.289807
322	40.209824
323	71.91317
324	48.676666
325	8.185551
326	54.182602
327	44.324272
328	57.269234
329	56.897255
330	34.924515
331	12.03937
332	55.727062
333	20.631418
334	84.12747
335	59.32609
336	52.636288
337	49.97283
338	60.476257
339	69.03644
340	87.86228
341	55.772293
342	33.802452
343	43.213615
344	72.16964
345	49.445175
346	35.77308
347	38.179592
348	41.26488
349	67.32121
350	38.947403
351	67.31891
352	60.750942
353	79.079994
354	64.286545
355	18.628689
356	15.704411
357	55.28536
358	15.7799
359	53.229946
360	52.25479
361	33.24178
362	23.830894
363	70.38959
364	47.332092
365	55.970245
366	8.823864
367	65.25724
368	86.80362
369	69.0061
370	76.02471
371	53.624214
372	80.655685
373	46.155678
374	53.065445
375	10.582853
376	32.147118
377	37.423668
378	53.271202
379	69.4254
380	39.04396
381	39.962868
382	31.214355
383	71.811935
384	49.84538
385	43.43071
386	48.980995
387	53.61032
388	38.33364
389	47.21387
390	18.934345
391	64.701126
392	57.23127
393	26.243446
394	16.790127
395	37.462933
396	19.54248
397	48.185604
398	39.44689
399	14.025423
400	50.575775
401	78.88161
402	60.295
403	22.456108
404	31.063677
405	66.911964
406	33.23057
407	34.36618
408	44.298286
409	71.58567
410	54.356503
411	87.20834
412	82.76044
413	59.549698
414	59.495148
415	20.84681
416	44.021683
417	29.711243
418	41.881397
419	47.6036
420	54.940742
421	77.31187
422	64.87797
423	51.101566
424	32.51372
425	16.31221
426	30.331917
427	51.084236
428	28.287224
429	40.303635
430	44.534363
431	50.895164
432	77.82684
433	53.861107
434	47.364918
435	38.327354
436	37.25952
437	30.270061
438	45.07187
439	63.0957
440	23.683907
441	49.55355
442	61.561386
443	71.76071
444	64.90832
445	60.137905
446	1.8076158
447	60.124172
448	31.200527
449	23.82388
450	44.86579
451	47.333725
452	33.85863
453	11.255097
454	75.06969
455	37.197014
456	24.203205
457	72.52819
458	41.876797
459	76.55551
460	42.02521
461	40.348537
462	82.39682
463	49.597786
464	55.660797
465	35.18779
466	6.4999895
467	87.52608
468	22.688438
469	50.955215
470	46.03654
471	20.405766
472	65.17928
473	24.870356
474	72.058105
475	61.38867
476	26.850899
477	45.403557
478	82.86429
479	80.10483
480	16.364824
481	41.25862
482	43.09802
483	29.834454
484	7.4063983
485	41.74182
486	30.949888
487	41.23571
488	14.604695
489	41.837505
490	13.484114
491	63.23042
492	20.569843
493	40.74559
494	5.501524
495	40.611145
496	56.83654
497	35.34663
498	51.212475
499	42.819603
500	23.98487
501	10.731376
502	42.037724
503	43.953117
504	29.479536
505	44.986946
506	44.717888
507	91.29526
508	21.444721
509	67.798195
510	76.70521
511	45.19632
512	47.060524
513	30.247677
514	32.28214
515	43.224724
516	56.209232
517	53.891426
518	18.024939
519	40.651787
520	38.653545
521	28.778349
522	49.181202
523	52.307354
524	69.90181
525	54.168694
526	17.493443
527	6.9013577
528	21.761549
529	3.7927465
530	38.772705
531	32.836956
532	49.229767
533	43.837437
534	14.705225
535	23.005066
536	11.128866
537	39.191544
538	84.89638
539	65.61708
540	30.705301
541	38.858353
542	36.242058
543	52.762062
544	52.59076
545	39.46716
546	32.09522
547	60.332973
548	69.70607
549	62.200615
550	67.84659
551	58.415623
552	47.732285
553	37.2047
554	47.017265
555	43.557915
556	70.69063
557	54.38924
558	31.317673
559	43.53678
560	28.96585
561	44.664032
562	29.357174
563	31.31384
564	50.776466
565	57.666878
566	42.213905
567	37.6812
568	52.51266
569	47.815796
570	74.06599
571	34.190285
572	66.88923
573	29.989918
574	26.848866
575	43.536163
576	60.43903
577	46.101765
578	73.393036
579	43.810528
580	68.8293
581	63.887703
582	72.99451
583	69.85843
584	56.86536
585	32.294857
586	17.014843
587	52.292213
588	18.200817
589	14.438089
590	69.19857
591	32.26163
592	78.24962
593	57.672478
594	53.447685
595	37.411777
596	63.16793
597	9.933826
598	54.458233
599	39.31224
600	25.134733
601	41.326355
602	70.67121
603	64.71439
604	69.823395
605	42.5082
606	31.700462
607	35.1487
608	43.547226
609	50.42168
610	33.1187
611	32.788708
612	25.950012
613	14.988268
614	38.21273
615	42.363564
616	25.811712
617	30.681553
618	13.955948
619	24.146378
620	58.799034
621	61.06405
622	26.646338
623	47.94948
624	78.673836
625	24.557713
626	28.586111
627	52.696556
628	48.499153
629	21.795368
630	65.6931
631	45.073177
632	31.888372
633	34.44752
634	26.178055
635	50.909046
636	52.641815
637	57.75125
638	51.172604
639	90.92348
640	39.24974
641	42.19309
642	39.517067
643	57.69079
644	43.041355
645	23.37606
646	67.5772
647	40.607285
648	3.8024411
649	22.704994
650	36.43517
651	60.078545
652	26.976742
653	5.9673324
654	56.573074
655	43.53899
656	31.911968
657	84.39386
658	51.722366
659	56.69243
660	33.105835
661	54.70749
662	63.202694
663	54.501953
664	41.410526
665	60.254913
666	43.369053
667	72.60557
668	69.0079
669	46.572983
670	37.96599
671	45.15949
672	40.96238
673	28.248425
674	28.217098
675	52.69644
676	34.49562
677	40.395115
678	61.057175
679	20.684277
680	42.49087
681	79.18139
682	29.765133
683	57.16806
684	60.78144
685	92.76563
686	56.99324
687	66.67841
688	58.595123
689	65.955
690	68.416954
691	47.12098
692	43.921
693	61.710773
694	71.48551
695	52.65602
696	12.288662
697	17.588142
698	55.34452
699	26.740704
700	52.28663
701	19.084831
702	60.45118
703	67.71635
704	49.295807
705	30.221146
706	42.796036
707	43.549885
708	34.27999
709	38.90181
710	54.514473
711	24.290867
712	65.751976
713	79.28305
714	53.52947
715	21.835905
716	23.885181
717	27.81952
718	48.03034
719	71.755066
720	9.353474
721	53.16886
722	16.82024
723	5.835428
724	96.67267
725	60.18899
726	29.373285
727	52.535378
728	40.491787
729	26.886356
730	26.778019
731	8.643785
732	58.70516
733	59.27325
734	10.937868
735	56.258224
736	56.056038
737	39.204628
738	35.082253
739	41.177055
740	60.48001
741	94.60156
742	34.174915
743	74.00922
744	6.353278
745	23.28304
746	46.51921
747	21.06075
748	7.4267015
749	41.028877
750	14.537101
751	5.6264277
752	48.235706
753	43.526123
754	33.84058
755	57.09505
756	58.21655
757	43.228577
758	27.03394
759	45.838104
760	60.113483
761	51.976967
762	58.28139
763	64.753784
764	38.610226
765	42.385265
766	21.106415
767	73.34239
768	60.567245
769	56.84227
770	38.428844
771	58.255875
772	52.585228
773	44.84689
774	48.96248
775	38.449444
776	55.236008
777	36.14751
778	35.170692
779	68.30913
780	27.906593
781	68.76739
782	40.040886
783	71.06094
784	59.73222
785	86.026505
786	54.47567
787	53.28324
788	66.5938
789	53.596336
790	51.821915
791	43.938004
792	65.605965
793	24.452944
794	39.030357
795	22.792505
796	85.144714
797	21.978134
798	38.00026
799	40.27324
800	54.018795
801	45.838593
802	23.151983
803	14.727064
804	38.48239
805	9.323857
806	82.06401
807	78.30977
808	13.513137
809	27.138563
810	45.322144
811	59.007763
812	10.559404
813	85.61864
814	58.053165
815	27.699326
816	59.881348
817	34.473537
818	8.857314
819	37.06295
820	58.204
821	39.583237
822	45.030945
823	12.490551
824	33.92013
825	48.87892
826	10.003511
827	62.87429
828	49.950504
829	58.084553
830	77.63103
831	19.440582
832	69.82828
833	63.98764
834	38.027893
835	34.398247
836	68.14796
837	49.41842
838	29.786594
839	62.561768
840	62.850105
841	89.57717
842	50.71967
843	67.80267
844	46.165764
845	62.93253
846	29.989418
847	16.111485
848	54.97128
849	77.70631
850	83.8112
851	50.602077
852	37.447643
853	63.375233
854	16.001472
855	56.099415
856	78.572334
857	53.661255
858	18.645855
859	53.499622
860	55.569595
861	42.258663
862	39.336994
863	64.774185
864	17.467237
865	74.804
866	36.96249
867	31.750763
868	41.402473
869	30.633686
870	16.742968
871	29.325521
872	36.97736
873	56.807564
874	19.257572
875	39.948338
876	41.40034
877	58.76661
878	73.639595
879	20.880083
880	58.894756
881	71.473236
882	36.726753
883	37.8078
884	68.76343
885	44.49155
886	57.773216
887	38.44336
888	35.864986
889	46.36341
890	41.594887
891	53.09191
892	75.01351
893	40.26006
894	52.418945
895	59.754196
896	36.4066
897	29.500858
898	65.91119
899	85.61571
900	84.811195
901	64.55774
902	56.19668
903	88.860985
904	89.94397
905	63.66681
906	56.81743
907	39.788864
908	25.090229
909	63.30314
910	14.672335
911	32.743088
912	39.694435
913	35.553505
914	56.010185
915	40.15909
916	35.588818
917	97.09874
918	59.336205
919	47.235363
920	31.155146
921	60.055485
922	42.765404
923	38.346104
924	43.21791
925	60.172787
926	61.566734
927	41.428978
928	36.56012
929	16.859007
930	65.899734
931	34.352226
932	48.499027
933	19.64093
934	69.58537
935	37.908813
936	80.603516
937	23.915236
938	65.21767
939	22.42012
940	74.349976
941	40.624794
942	44.14208
943	52.127922
944	38.935684
945	54.08021
946	70.72391
947	85.78197
948	61.8502
949	69.95782
950	25.337292
951	70.83595
952	67.30542
953	36.17533
954	57.56096
955	26.939453
956	41.551186
957	15.292338
958	45.644012
959	77.13347
960	77.73099
961	53.3542
962	49.957687
963	89.92888
964	34.7934
965	46.743076
966	52.97403
967	54.102417
968	23.267572
969	25.876535
970	22.451893
971	41.067055
972	18.589863
973	19.119825
974	28.196402
975	59.163925
976	18.347454
977	20.757263
978	76.06955
979	62.68329
980	19.296158
981	30.291218
982	62.0427
983	17.66066
984	11.738157
985	45.28617
986	55.717884
987	46.57684
988	73.88369
989	45.515762
990	44.981667
991	38.07549
992	60.86894
993	37.146095
994	43.200375
995	43.762215
996	55.885445
997	43.07924
998	45.210697
999	35.9905
1000	66.92245
1001	45.64885
1002	31.68411
1003	97.4464
1004	39.26496
1005	84.47921
1006	34.972603
1007	50.973537
1008	49.346626
1009	79.807144
1010	35.058537
1011	31.789951
1012	30.327658
1013	11.88033
1014	63.91018
1015	7.5475025
1016	26.738327
1017	47.029774
1018	44.40174
1019	58.69685
1020	23.634407
1021	78.963486
1022	16.189766
1023	48.125946
1024	69.60468
1025	4.1214943
1026	24.140076
1027	16.852966
1028	62.004925
1029	52.766243
1030	14.746977
1031	34.72062
1032	45.11791
1033	56.956455
1034	63.764076
1035	51.780678
1036	52.281796
1037	46.272522
1038	83.97044
1039	43.00014
1040	45.747192
1041	53.080574
1042	50.971752
1043	13.479752
1044	85.2474
1045	55.0811
1046	11.879801
1047	26.612453
1048	31.67635
1049	54.395588
1050	19.504105
1051	56.049377
1052	22.438179
1053	72.01509
1054	29.913563
1055	51.014946
1056	69.99572
1057	29.654497
1058	44.616615
1059	89.13609
1060	36.639427
1061	58.548435
1062	45.526676
1063	62.944862
1064	0.3084448
1065	69.14679
1066	23.10336
1067	25.889622
1068	5.000169
1069	74.55069
1070	11.130993
1071	51.8732
1072	30.347218
1073	55.516396
1074	10.120228
1075	54.136337
1076	10.781807
1077	55.212868
1078	32.744896
1079	91.869125
1080	47.849915
1081	75.01253
1082	53.08276
1083	69.00345
1084	27.37688
1085	27.363653
1086	36.975227
1087	23.090614
1088	48.90352
1089	54.054268
1090	33.43947
1091	64.26058
1092	48.943916
1093	56.453255
1094	50.869728
1095	69.008385
1096	11.948349
1097	42.212364
1098	54.16738
1099	36.094078
1100	12.835709
1101	67.73804
1102	37.35739
1103	22.605785
1104	76.81456
1105	17.440388
1106	46.541325
1107	45.87038
1108	55.943634
1109	69.341606
1110	70.20575
1111	61.409775
1112	47.486595
1113	32.074604
1114	39.143867
1115	16.115873
1116	38.424072
1117	39.922085
1118	53.22782
1119	66.09084
1120	75.52817
1121	88.771095
1122	57.234665
1123	84.21566
1124	82.39547
1125	26.858353
1126	38.778397
1127	27.537668
1128	37.60357
1129	21.919458
1130	46.191628
1131	69.85622
1132	78.850586
1133	39.666447
1134	6.3246155
1135	18.90309
1136	41.78547
1137	91.64664
1138	58.5106
1139	50.43933
1140	44.634
1141	75.838196
1142	45.138264
1143	43.140343
1144	63.055115
1145	31.1369
1146	17.727543
1147	65.67331
1148	56.628464
1149	39.988842
1150	64.95839
1151	48.918724
1152	23.681988
1153	44.76863
1154	19.591602
1155	51.846474
1156	48.90438
1157	65.07051
1158	48.268738
1159	69.39944
1160	64.17168
1161	22.4676
1162	1.7121389
1163	60.704933
1164	54.755802
1165	41.727184
1166	24.769943
1167	51.085426
1168	94.06369
1169	69.9015
1170	54.41029
1171	52.42932
1172	50.961
1173	36.591293
1174	66.91254
1175	76.75165
1176	45.533783
1177	65.95898
1178	11.641701
1179	22.523512
1180	11.805767
1181	32.242565
1182	31.228077
1183	16.401281
1184	46.780117
1185	39.07533
1186	58.515785
1187	8.682116
1188	62.249695
1189	26.932413
1190	50.675175
1191	27.944185
1192	30.962624
1193	51.85866
1194	52.682835
1195	31.329363
1196	70.441666
1197	15.340107
1198	31.30989
1199	49.262062
1200	53.319073
1201	68.24964
1202	38.30205
1203	28.848072
1204	59.68001
1205	40.867275
1206	46.85546
1207	23.927317
1208	59.51832
1209	27.30061
1210	32.70161
1211	70.40196
1212	75.56633
1213	73.186874
1214	50.539494
1215	34.093086
1216	50.37719
1217	37.621742
1218	44.322372
1219	27.503437
1220	54.405388
1221	49.826496
1222	38.41478
1223	50.70654
1224	47.21159
1225	59.214424
1226	37.872475
1227	26.922947
1228	28.417973
1229	4.4100986
1230	53.073196
1231	21.55028
1232	41.39373
1233	48.678818
1234	35.330177
1235	29.59459
1236	73.11258
1237	45.899456
1238	53.05358
1239	60.963406
1240	56.380596
1241	63.70546
1242	65.10927
1243	38.64979
1244	26.630407
1245	28.008476
1246	15.540794
1247	41.330307
1248	51.761368
1249	47.03731
1250	40.6857
1251	51.248703
1252	35.572624
1253	29.44791
1254	71.18167
1255	11.74523
1256	21.83068
1257	23.501207
1258	20.363544
1259	52.300003
1260	21.78899
1261	26.954922
1262	51.857
1263	64.73334
1264	68.21986
1265	64.03052
1266	48.542862
1267	34.47548
1268	36.485493
1269	54.720257
1270	34.83302
1271	16.098482
1272	25.709476
1273	59.80297
1274	76.79714
1275	52.17698
1276	70.86232
1277	56.67223
1278	29.381678
1279	84.403915
1280	73.07162
1281	56.245617
1282	40.28739
1283	19.084963
1284	61.262573
1285	29.896732
1286	19.882856
1287	48.462418
1288	53.97077
1289	22.133032
1290	38.085514
1291	33.231113
1292	49.11679
1293	48.701675
1294	60.89318
1295	15.783815
1296	54.907227
1297	90.50217
1298	61.09904
1299	25.410639
1300	49.07685
1301	53.563934
1302	62.256763
1303	36.58917
1304	64.502716
1305	43.799767
1306	42.73733
1307	49.74124
1308	30.169676
1309	80.227646
1310	41.353035
1311	43.974846
1312	57.087215
1313	21.428316
1314	39.510723
1315	51.05029
1316	48.117973
1317	39.68618
1318	64.66135
1319	57.335136
1320	57.396736
1321	73.07597
1322	65.411736
1323	59.274887
1324	43.732445
1325	69.0417
1326	58.427933
1327	29.432251
1328	2.069312
1329	20.93536
1330	79.35344
1331	47.71234
1332	39.63957
1333	76.615486
1334	30.196705
1335	26.63326
1336	63.131912
1337	37.19852
1338	93.21409
1339	25.296537
1340	7.315531
1341	58.603107
1342	49.415108
1343	34.82842
1344	53.38317
1345	59.451874
1346	37.799965
1347	28.43277
1348	60.9003
1349	15.651072
1350	20.810013
1351	67.34484
1352	31.982826
1353	51.637405
1354	27.265223
1355	48.177013
1356	60.780655
1357	40.427486
1358	50.267418
1359	91.34169
1360	61.107285
1361	49.34469
1362	48.96243
1363	29.011698
1364	38.05275
1365	73.74745
1366	59.094044
1367	18.582136
1368	18.374184
1369	35.190117
1370	41.627903
1371	25.905842
1372	84.94443
1373	48.00613
1374	82.56664
1375	33.040092
1376	14.631683
1377	43.06186
1378	68.73244
1379	64.10154
1380	67.98333
1381	58.987144
1382	7.745263
1383	35.24911
1384	44.950836
1385	46.641357
1386	34.663124
1387	40.194088
1388	29.625776
1389	18.247044
1390	54.981476
1391	15.214438
1392	40.725506
1393	36.412045
1394	24.423265
1395	6.586908
1396	50.299957
1397	10.212723
1398	25.488836
1399	16.47795
1400	35.915314
1401	67.456665
1402	42.358845
1403	57.41712
1404	39.46088
1405	39.72305
1406	68.06844
1407	81.39513
1408	53.987392
1409	76.135056
1410	17.069572
1411	87.42092
1412	25.12124
1413	53.0484
1414	7.9917464
1415	57.088432
1416	40.727318
1417	51.707077
1418	25.224665
1419	5.8820324
1420	25.24326
1421	22.569
1422	44.40965
1423	17.175404
1424	43.701263
1425	42.957222
1426	30.500616
1427	43.80778
1428	44.57477
1429	60.020916
1430	28.647573
1431	58.42275
1432	43.806816
1433	83.53209
1434	89.75904
1435	80.00798
1436	31.852036
1437	63.251335
1438	59.28714
1439	31.625166
1440	57.03571
1441	46.585472
1442	19.159678
1443	20.912056
1444	61.76291
1445	25.101011
1446	38.361893
1447	68.05723
1448	46.719482
1449	87.639694
1450	77.62874
1451	34.03863
1452	45.477737
1453	58.433838
1454	34.903984
1455	53.092133
1456	62.48676
1457	45.784687
1458	71.695786
1459	37.433937
1460	54.842934
1461	63.29606
1462	36.004475
1463	75.93592
1464	54.656418
1465	48.63574
1466	76.50135
1467	33.67177
1468	36.821335
1469	42.662495
1470	20.452589
1471	59.55732
1472	38.98975
1473	29.532364
1474	50.74485
1475	62.12329
1476	76.77027
1477	21.836899
1478	59.22644
1479	20.160446
1480	4.7985644
1481	18.68413
1482	44.940224
1483	31.765068
1484	61.58197
1485	40.015686
1486	67.66403
1487	62.568142
1488	68.44694
1489	39.651886
1490	24.96947
1491	59.067963
1492	64.14893
1493	45.63112
1494	80.676025
1495	54.997784
1496	79.80946
1497	9.358982
1498	54.121918
1499	77.546486
1500	73.825905
1501	64.907
1502	31.321009
1503	77.076294
1504	27.231846
1505	56.8866
1506	35.125267
1507	17.946674
1508	49.640297
1509	64.915245
1510	70.80783
1511	23.514322
1512	16.178534
1513	50.211754
1514	34.47513
1515	71.457184
1516	9.3689165
1517	48.8843
1518	47.080162
1519	43.181023
1520	79.299515
1521	67.313446
1522	52.508423
1523	44.708183
1524	66.729996
1525	43.984787
1526	65.452286
1527	49.46545
1528	76.91687
1529	44.815308
1530	59.255417
1531	6.311227
1532	39.16916
1533	41.29038
1534	55.98217
1535	31.991184
1536	72.99002
1537	92.30655
1538	16.759062
1539	36.318714
1540	53.21172
1541	80.739716
1542	73.82002
1543	43.624523
1544	62.16166
1545	48.7411
1546	46.699776
1547	56.394867
1548	60.25373
1549	65.35048
1550	68.224525
1551	51.267876
1552	10.107679
1553	17.888308
1554	60.275063
1555	1.9734106
1556	57.557175
1557	37.884907
1558	10.834145
1559	64.60541
1560	38.610455
1561	59.11843
1562	71.465576
1563	14.795621
1564	9.928745
1565	45.911545
1566	23.749435
1567	79.13944
1568	35.70237
1569	80.88838
1570	64.45038
1571	67.0592
1572	44.610447
1573	62.85861
1574	38.100048
1575	43.762207
1576	20.130005
1577	52.03089
1578	30.246992
1579	56.32386
1580	41.206917
1581	94.10344
1582	71.62131
1583	53.165184
1584	63.707554
1585	33.208138
1586	32.919586
1587	46.89762
1588	47.81006
1589	39.58844
1590	43.113674
1591	44.238686
1592	21.791248
1593	25.56546
1594	38.726997
1595	57.447517
1596	47.54541
1597	24.375996
1598	60.549366
1599	31.04573
1600	21.53001
1601	11.999599
1602	67.65378
1603	19.130898
1604	29.77424
1605	63.090897
1606	53.959557
1607	76.437935
1608	53.055748
1609	55.397526
1610	25.803358
1611	80.65073
1612	70.470695
1613	27.144508
1614	64.95793
1615	33.388203
1616	24.736977
1617	52.204178
1618	18.80319
1619	33.24816
1620	10.472816
1621	42.083496
1622	67.67452
1623	47.315327
1624	45.15262
1625	23.822475
1626	49.334633
1627	56.69278
1628	57.372063
1629	47.700195
1630	41.6969
1631	47.240856
1632	95.08128
1633	17.12201
1634	23.543022
1635	16.724865
1636	35.05405
1637	73.17294
1638	50.61183
1639	23.068949
1640	79.29921
1641	34.282825
1642	65.6903
1643	36.80182
1644	38.296112
1645	43.51056
1646	47.270897
1647	7.669965
1648	31.948826
1649	84.69562
1650	46.39972
1651	67.98212
1652	29.556133
1653	50.216087
1654	30.160852
1655	39.920956
1656	35.704
1657	56.663795
1658	35.495068
1659	74.08764
1660	46.492653
1661	39.858776
1662	29.6769
1663	25.050611
1664	17.29786
1665	39.5598
1666	63.884926
1667	37.166862
1668	39.106567
1669	34.858025
1670	29.297771
1671	20.716059
1672	29.474152
1673	44.487877
1674	33.271187
1675	60.56855
1676	45.046803
1677	64.17383
1678	61.951935
1679	69.76552
1680	45.974815
1681	40.335228
1682	31.69909
1683	75.18144
1684	33.02534
1685	53.3267
1686	35.68066
1687	82.357735
1688	39.03956
1689	18.234192
1690	20.604391
1691	60.497307
1692	19.44188
1693	49.322044
1694	70.94724
1695	75.99319
1696	34.506172
1697	66.64687
1698	77.949394
1699	50.50659
1700	58.143837
1701	18.353771
1702	25.638123
1703	14.610164
1704	22.98007
1705	87.170654
1706	41.14749
1707	43.012165
1708	46.4832
1709	64.61595
1710	11.599134
1711	72.37689
1712	57.91355
1713	71.43587
1714	64.810196
1715	37.75734
1716	20.856607
1717	57.786278
1718	86.09357
1719	38.655426
1720	61.106857
1721	51.675217
1722	58.416397
1723	43.907093
1724	20.996956
1725	44.1859
1726	45.914734
1727	48.5288
1728	48.083096
1729	12.304736
1730	53.07431
1731	20.49461
1732	76.486694
1733	67.90583
1734	33.47084
1735	35.493763
1736	60.67556
1737	37.364132
1738	36.974335
1739	61.134747
1740	64.00026
1741	20.56614
1742	40.311584
1743	23.725794
1744	73.92648
1745	68.750595
1746	60.040154
1747	45.71524
1748	49.34326
1749	78.88187
1750	9.858745
1751	38.64956
1752	71.3254
1753	64.57194
1754	32.30558
1755	50.429142
1756	48.910484
1757	6.7833214
1758	30.532522
1759	30.372795
1760	73.887695
1761	58.60719
1762	60.114044
1763	19.1576
1764	39.430435
1765	33.677242
1766	52.919712
1767	49.11924
1768	51.948727
1769	45.95307
1770	34.759594
1771	67.72588
1772	84.121704
1773	67.33357
1774	83.9959
1775	75.66535
1776	70.38848
1777	60.14747
1778	16.422365
1779	69.6264
1780	69.37482
1781	48.97858
1782	53.345486
1783	53.740612
1784	60.959526
1785	28.040895
1786	24.156153
1787	35.572876
1788	30.548515
1789	4.6848974
1790	49.61616
1791	67.92198
1792	31.929716
1793	43.729473
1794	52.47505
1795	56.14209
1796	25.687466
1797	56.38723
1798	14.47434
1799	26.561657
1800	68.29783
1801	89.896614
1802	56.30655
1803	64.60628
1804	30.549084
1805	38.920525
1806	92.482605
1807	47.1696
1808	32.827953
1809	67.88119
1810	72.21516
1811	52.694183
1812	85.577194
1813	38.129707
1814	18.627918
1815	60.944744
1816	57.28876
1817	42.290314
1818	21.91257
1819	51.590305
1820	56.107292
1821	17.121082
1822	67.59909
1823	21.972187
1824	49.336365
1825	8.891697
1826	42.922417
1827	35.46988
1828	63.4766
1829	92.18822
1830	45.16062
1831	60.06098
1832	29.867683
1833	41.919666
1834	27.960001
1835	31.84093
1836	49.45051
1837	30.79216
1838	76.662994
1839	33.268017
1840	45.16475
1841	59.516296
1842	47.036404
1843	48.947937
1844	27.629667
1845	62.48302
1846	62.782677
1847	9.796211
1848	23.148727
1849	59.20308
1850	36.248806
1851	22.17434
1852	53.199818
1853	45.380028
1854	58.306915
1855	43.66362
1856	72.489685
1857	53.25357
1858	28.695288
1859	60.073357
1860	61.6498
1861	41.27307
1862	71.62395
1863	64.49278
1864	32.338062
1865	58.879128
1866	56.70596
1867	24.513273
1868	30.81591
1869	42.6707
1870	96.37178
1871	68.21913
1872	4.766298
1873	67.47337
1874	62.032356
1875	49.96217
1876	53.11836
1877	30.824148
1878	45.313675
1879	8.537335
1880	10.0635
1881	36.957375
1882	15.133355
1883	74.35584
1884	20.945951
1885	66.64237
1886	30.063683
1887	63.154877
1888	29.320065
1889	42.160896
1890	27.427193
1891	28.582087
1892	14.985932
1893	26.874329
1894	12.868716
1895	82.60202
1896	32.112835
1897	64.97488
1898	43.754963
1899	49.47161
1900	70.4556
1901	34.654957
1902	43.30536
1903	50.388252
1904	56.872505
1905	12.490968
1906	19.389277
1907	70.62746
1908	62.363117
1909	23.379465
1910	72.28836
1911	62.35017
1912	96.42411
1913	8.519162
1914	68.2278
1915	24.34963
1916	45.16369
1917	37.57137
1918	74.746826
1919	22.60492
1920	66.49576
1921	19.790806
1922	60.73031
1923	19.912346
1924	41.536213
1925	41.949593
1926	80.731346
1927	85.57643
1928	42.303715
1929	46.61157
1930	82.55437
1931	43.45904
1932	10.063956
1933	35.522537
1934	21.61437
1935	40.652233
1936	25.332817
1937	37.882248
1938	20.58792
1939	34.040592
1940	45.55403
1941	5.8978677
1942	53.125584
1943	46.439236
1944	27.972374
1945	62.758442
1946	52.15834
1947	71.37444
1948	38.75488
1949	41.43956
1950	78.177345
1951	43.828144
1952	43.101078
1953	33.36553
1954	55.16709
1955	30.372978
1956	34.76494
1957	34.699448
1958	53.37549
1959	58.361572
1960	66.4046
1961	63.531425
1962	34.17203
1963	15.973753
1964	44.39608
1965	31.25663
1966	64.473526
1967	63.08072
1968	47.00341
1969	28.959938
1970	14.150383
1971	9.115278
1972	35.372047
1973	26.300777
1974	51.453083
1975	34.258762
1976	54.331257
1977	70.60067
1978	77.36149
1979	51.920746
1980	18.941422
1981	34.134068
1982	12.300912
1983	17.670996
1984	12.7248
1985	64.14877
1986	53.614334
1987	49.91306
1988	19.109974
1989	27.114908
1990	57.31541
1991	30.941532
1992	60.8844
1993	46.6829
1994	66.80759
1995	18.251322
1996	38.38597
1997	72.23404
1998	53.461834
1999	59.820847
2000	45.301468
2001	10.335578
2002	37.973965
2003	24.611305
2004	86.64361
2005	54.087044
2006	14.893857
2007	72.26399
2008	56.023804
2009	69.047516
2010	73.20822
2011	45.51142
2012	74.486176
2013	56.75924
2014	32.742176
2015	43.817417
2016	48.168484
2017	71.88341
2018	71.14595
2019	31.762333
2020	77.05557
2021	23.96347
2022	51.231506
2023	30.688593
2024	42.09097
2025	29.831936
2026	33.4255
2027	97.1224
2028	72.9123
2029	37.675934
2030	53.103577
2031	66.48727
2032	66.20373
2033	45.448948
2034	61.643044
2035	28.829388
2036	11.938289
2037	35.242146
2038	55.36865
2039	69.100174
2040	44.928978
2041	84.639175
2042	37.500156
2043	64.488144
2044	16.884148
2045	35.25794
2046	57.942764
2047	78.39294
2048	48.12301
2049	35.136696
2050	69.81887
2051	53.19259
2052	32.31308
2053	19.51624
2054	45.460022
2055	48.65679
2056	28.813986
2057	49.16958
2058	69.57505
2059	31.85323
2060	40.517773
2061	72.919876
2062	84.985565
2063	62.687256
2064	50.077156
2065	55.987305
2066	41.319107
2067	54.21602
2068	82.41132
2069	70.80527
2070	32.050705
2071	41.87706
2072	36.380817
2073	41.94683
2074	40.283524
2075	50.772587
2076	43.521564
2077	31.801888
2078	28.658943
2079	45.14975
2080	26.728876
2081	48.645523
2082	43.78722
2083	39.21742
2084	26.782146
2085	53.738663
2086	31.880066
2087	61.779003
2088	45.153023
2089	89.47631
2090	3.6288693
2091	67.318924
2092	61.94094
2093	39.898613
2094	47.24582
2095	59.83608
2096	52.569572
2097	12.888088
2098	58.062313
2099	67.273094
2100	76.80034
2101	24.157373
2102	45.661217
2103	34.19194
2104	48.80892
2105	46.06566
2106	15.624085
2107	49.82773
2108	75.26314
2109	53.142094
2110	41.003883
2111	21.068663
2112	17.27837
2113	36.83477
2114	44.1066
2115	28.741756
2116	73.94626
2117	47.503876
2118	38.59652
2119	63.293648
2120	35.22107
2121	53.971127
2122	39.911697
2123	41.892548
2124	44.69363
2125	40.737278
2126	29.479902
2127	55.959366
2128	44.211895
2129	42.76342
2130	28.27906
2131	23.922134
2132	14.291346
2133	66.29619
2134	51.38279
2135	89.58455
2136	39.455894
2137	53.627197
2138	30.1316
2139	21.498964
2140	62.64966
2141	24.677465
2142	43.57066
2143	43.734886
2144	7.8605337
2145	43.2974
2146	35.79428
2147	23.43315
2148	45.096054
2149	31.173046
2150	70.83818
2151	35.53675
2152	66.8521
2153	7.2289553
2154	71.7599
2155	40.088776
2156	60.215233
2157	22.127659
2158	42.618988
2159	18.304878
2160	73.219505
2161	22.022926
2162	23.299736
2163	19.88781
2164	57.601936
2165	7.8122406
2166	62.3145
2167	27.958975
2168	52.314125
2169	45.52697
2170	44.355957
2171	55.51544
2172	41.961628
2173	39.11199
2174	41.329727
2175	21.988552
2176	64.29205
2177	42.54989
2178	14.163466
2179	17.066664
2180	33.282578
2181	70.636215
2182	77.11423
2183	68.05176
2184	28.984137
2185	26.921373
2186	41.840744
2187	66.76575
2188	28.887737
2189	62.335075
2190	33.505455
2191	87.02183
2192	50.578728
2193	10.112339
2194	44.81015
2195	57.611015
2196	20.631025
2197	44.741882
2198	22.5356
2199	42.11901
2200	57.192654
2201	24.273464
2202	70.96949
2203	38.791527
2204	33.043583
2205	32.88052
2206	42.73278
2207	27.11122
2208	33.517998
2209	61.066566
2210	57.77469
2211	38.73167
2212	65.89827
2213	12.690706
2214	21.300976
2215	45.551872
2216	38.67561
2217	54.501488
2218	56.964996
2219	60.494743
2220	20.643738
2221	27.320004
2222	43.211494
2223	47.629993
2224	37.50605
2225	34.351456
2226	37.06764
2227	68.215996
2228	46.18215
2229	19.676908
2230	4.191442
2231	36.696823
2232	68.97258
2233	74.992226
2234	45.3381
2235	84.75963
2236	47.404408
2237	29.16429
2238	55.786015
2239	58.252125
2240	79.35962
2241	34.893784
2242	63.354263
2243	55.44512
2244	40.660152
2245	27.006628
2246	21.51057
2247	55.489227
2248	38.077873
2249	64.14259
2250	65.03679
2251	60.776745
2252	44.78424
2253	23.606745
2254	76.767166
2255	40.4742
2256	64.25624
2257	54.14944
2258	8.915398
2259	17.491083
2260	23.653414
2261	66.44037
2262	17.505877
2263	36.150578
2264	72.682236
2265	16.002195
2266	63.424828
2267	62.827705
2268	18.962898
2269	48.369793
2270	48.606857
2271	26.820793
2272	25.914545
2273	51.240196
2274	30.872787
2275	23.721586
2276	34.17458
2277	73.379326
2278	55.934044
2279	38.549767
2280	62.56722
2281	25.050789
2282	40.079643
2283	40.917606
2284	79.63747
2285	49.73262
2286	72.06095
2287	27.186462
2288	76.953415
2289	60.657104
2290	7.187443
2291	47.75203
2292	33.419773
2293	44.725117
2294	45.833298
2295	57.56505
2296	71.90654
2297	28.437056
2298	22.403316
2299	71.030846
2300	54.22647
2301	37.28809
2302	58.513527
2303	73.12299
