0	86.591324
1	94.28996
2	30.57525
3	65.73921
4	0.6462671
5	18.283998
6	9.24899
7	20.255102
8	0.18626282
9	3.7129374
10	64.91816
11	43.53654
12	85.85223
13	53.35096
14	36.581978
15	43.76809
16	53.912598
17	90.96133
18	80.783005
19	62.05223
20	13.605739
21	50.079945
22	54.88502
23	79.78102
24	11.16976
25	63.316593
26	22.618666
27	10.229833
28	14.262319
29	39.77505
30	43.12905
31	26.279543
32	21.358555
33	62.59364
34	23.259138
35	52.954113
36	33.971603
37	70.51686
38	77.104774
39	49.62499
40	63.386837
41	2.8554523
42	41.929493
43	0.16757642
44	38.06941
45	68.94484
46	31.534668
47	61.871227
48	11.395872
49	18.28793
50	76.19063
51	76.22023
52	89.430046
53	55.013252
54	5.3738947
55	30.216177
56	72.89131
57	55.05764
58	28.738796
59	21.927433
60	62.749973
61	79.13774
62	30.960155
63	81.13689
64	79.84791
65	85.8527
66	95.99693
67	8.6893015
68	50.18775
69	41.66497
70	85.82368
71	38.749874
72	18.850428
73	63.134796
74	8.651358
75	83.26655
76	79.47635
77	97.444695
78	18.931675
79	46.679882
80	78.861565
81	9.244602
82	22.169441
83	67.61777
84	3.6654181
85	67.45143
86	17.300268
87	87.72582
88	72.65657
89	52.863445
90	26.11526
91	28.451796
92	46.564304
93	66.145256
94	40.790737
95	65.61406
96	62.786953
97	43.97452
98	36.156906
99	89.42822
100	95.74159
101	95.87769
102	8.671411
103	50.654034
104	35.533978
105	76.33315
106	97.52073
107	9.638144
108	97.64697
109	61.8957
110	14.854451
111	24.266493
112	24.49045
113	11.397257
114	61.864437
115	35.203377
116	15.925054
117	48.70434
118	35.25296
119	32.282593
120	30.266768
121	22.063696
122	34.590885
123	14.529258
124	29.798813
125	61.743225
126	65.149086
127	88.02928
128	17.088682
129	67.83883
130	11.486995
131	97.939125
132	78.38572
133	95.77575
134	84.989845
135	71.14783
136	71.84763
137	68.32617
138	70.196945
139	57.076057
140	92.99958
141	65.91785
142	3.1630566
143	29.297987
144	67.18112
145	5.412925
146	75.37548
147	68.90607
148	80.485954
149	32.095802
150	5.4913883
151	53.401955
152	50.755386
153	38.962864
154	51.024742
155	15.284428
156	41.524513
157	23.405668
158	12.10712
159	30.011705
160	95.19462
161	53.17212
162	29.096258
163	79.3508
164	79.30098
165	18.860601
166	63.46511
167	22.986073
168	10.295836
169	0.7471214
170	84.42066
171	28.769375
172	3.7321048
173	11.895249
174	5.0655527
175	8.189707
176	68.541176
177	99.885994
178	45.652927
179	43.161274
180	62.683567
181	71.27627
182	12.240812
183	26.08295
184	46.187088
185	36.18653
186	6.1369977
187	56.00415
188	55.152332
189	15.803373
190	95.59082
191	31.573132
192	76.03393
193	57.1704
194	7.871592
195	99.1741
196	36.04783
197	49.74104
198	79.27161
199	28.573402
200	23.51026
201	76.24163
202	96.986786
203	39.060715
204	66.63295
205	14.96763
206	46.801144
207	27.219477
208	64.05475
209	45.041523
210	36.309788
211	39.731014
212	75.6023
213	9.514528
214	61.304455
215	63.976128
216	11.569612
217	88.26806
218	83.618484
219	8.585393
220	58.18564
221	53.530415
222	57.50069
223	51.012142
224	64.84008
225	25.307055
226	86.43398
227	70.44339
228	87.66863
229	85.23922
230	60.711094
231	58.194115
232	2.5616672
233	32.200146
234	82.48744
235	94.23747
236	65.60637
237	97.756996
238	67.69206
239	83.2989
240	71.44531
241	29.008854
242	36.528973
243	25.702412
244	84.58894
245	30.990864
246	36.284325
247	13.720638
248	20.026102
249	53.5912
250	61.67395
251	11.3049
252	0.867102
253	31.965435
254	62.9655
255	88.67988
256	45.753574
257	55.229656
258	38.247856
259	32.41115
260	11.6632805
261	65.55346
262	23.005306
263	74.27172
264	11.102297
265	29.263617
266	81.87553
267	99.545906
268	52.92898
269	84.96068
270	79.439926
271	16.56525
272	37.177414
273	49.414677
274	53.807644
275	86.014755
276	16.852343
277	71.54756
278	59.054955
279	88.98983
280	39.790806
281	94.02539
282	2.7897253
283	70.23841
284	40.236683
285	25.706244
286	46.47322
287	19.098799
288	24.980606
289	37.36226
290	58.58163
291	69.75354
292	12.410132
293	44.451202
294	95.29646
295	52.71427
296	10.196058
297	76.15964
298	30.34254
299	17.57009
300	2.1720526
301	98.63319
302	24.99139
303	47.874565
304	53.163258
305	58.78748
306	9.257717
307	51.7737
308	86.169716
309	23.999197
310	52.628387
311	18.631197
312	23.405039
313	97.61694
314	90.68961
315	86.67214
316	71.2428
317	99.60952
318	11.814739
319	20.973522
320	51.548115
321	90.70402
322	91.28007
323	96.05009
324	41.807365
325	25.192932
326	97.28913
327	86.69618
328	51.932888
329	66.113556
330	39.185898
331	67.15391
332	58.890648
333	62.882614
334	74.15903
335	68.89198
336	87.28725
337	59.441578
338	62.27689
339	75.369255
340	87.018906
341	87.65039
342	38.463123
343	49.00321
344	17.66822
345	92.77482
346	90.505356
347	4.010219
348	2.901192
349	71.21041
350	33.84742
351	31.839783
352	91.30322
353	92.206894
354	43.56577
355	60.63148
356	76.828255
357	4.3928347
358	39.664753
359	34.411457
360	77.07546
361	36.948143
362	70.49554
363	8.811474
364	85.81529
365	54.436165
366	9.271665
367	33.14646
368	52.054462
369	71.43411
370	80.357376
371	50.38977
372	92.76972
373	52.46947
374	27.231438
375	27.289734
376	65.978485
377	68.50208
378	77.61609
379	67.71552
380	3.342656
381	39.10103
382	29.216833
383	81.305305
384	37.485798
385	32.48874
386	71.89342
387	1.6463553
388	33.493454
389	29.309301
390	32.978004
391	2.5486648
392	10.488184
393	54.720818
394	49.117115
395	30.313494
396	11.905249
397	56.397278
398	69.29168
399	80.62767
400	1.3160384
401	50.250378
402	32.687527
403	57.155117
404	56.909443
405	13.993571
406	15.955758
407	3.7125983
408	36.78826
409	85.883896
410	7.7854733
411	43.124207
412	48.601433
413	53.811028
414	60.19915
415	63.640728
416	4.4527864
417	61.779446
418	65.34137
419	24.47367
420	15.03198
421	59.35082
422	17.347351
423	69.58548
424	61.16426
425	27.091938
426	21.44526
427	92.94714
428	35.729736
429	97.93296
430	53.23907
431	19.556221
432	45.58523
433	88.867775
434	59.776573
435	79.321754
436	9.765781
437	64.79919
438	58.80181
439	8.304739
440	81.75139
441	95.75332
442	98.898575
443	38.802574
444	6.544826
445	63.388214
446	22.427156
447	21.61761
448	98.429596
449	28.100267
450	43.980965
451	78.482124
452	61.6759
453	87.789536
454	49.093327
455	88.10428
456	32.849007
457	12.070675
458	14.500986
459	12.83194
460	66.48589
461	98.31662
462	89.81932
463	93.52527
464	55.42732
465	62.582092
466	81.632675
467	9.003668
468	84.631485
469	58.16444
470	54.919685
471	32.858147
472	97.24295
473	42.52663
474	81.18725
475	39.2096
476	55.363846
477	43.93839
478	62.738995
479	93.96316
480	96.45581
481	98.74234
482	80.89248
483	54.03755
484	34.03918
485	36.413692
486	54.023327
487	71.323975
488	3.0155628
489	0.68148845
490	99.18721
491	78.214325
492	44.02236
493	39.277546
494	28.99545
495	55.22766
496	38.255608
497	88.30784
498	90.37168
499	65.466774
500	22.781933
501	7.696282
502	78.874146
503	8.013256
504	36.149475
505	95.962234
506	21.651543
507	58.643963
508	25.247503
509	94.92689
510	16.099407
511	80.78211
512	18.326477
513	98.82301
514	45.35803
515	19.161713
516	25.472786
517	7.9914823
518	36.96781
519	83.23403
520	82.07999
521	74.71345
522	51.575424
523	57.99351
524	20.882843
525	11.641183
526	89.10784
527	10.245339
528	16.120642
529	12.076078
530	23.617369
531	46.930283
532	23.633768
533	11.648795
534	94.02236
535	57.248302
536	83.03427
537	10.887043
538	44.081703
539	40.341694
540	53.26695
541	99.73847
542	74.179245
543	18.44317
544	11.178283
545	24.823273
546	39.857895
547	61.663845
548	54.136257
549	18.022923
550	7.47421
551	10.74442
552	24.350641
553	65.71692
554	86.11456
555	36.83822
556	54.136623
557	73.003624
558	12.0717125
559	66.69389
560	47.994335
561	80.07423
562	23.764248
563	13.400094
564	40.74591
565	60.33476
566	54.833347
567	91.87389
568	16.277306
569	77.05418
570	5.3122096
571	7.6394653
572	86.336975
573	70.237404
574	8.779881
575	54.07053
576	78.198906
577	98.741104
578	7.123557
579	53.18265
580	21.183195
581	15.540379
582	45.80312
583	61.487156
584	74.8596
585	4.5430055
586	31.906017
587	47.89497
588	42.79547
589	27.56596
590	35.83142
591	75.92959
592	64.158165
593	53.988873
594	54.838116
595	54.225746
596	38.934788
597	96.35235
598	49.408924
599	30.291153
600	49.504436
601	75.62555
602	44.159966
603	96.024734
604	46.641663
605	4.102851
606	97.108444
607	78.69028
608	78.41116
609	0.4335609
610	25.388119
611	18.128437
612	30.718449
613	16.133505
614	20.169947
615	26.03734
616	6.302463
617	99.11921
618	67.072945
619	10.976751
620	33.447044
621	18.574366
622	13.999955
623	70.137665
624	13.909618
625	75.94078
626	86.30024
627	45.306366
628	24.419245
629	7.566553
630	16.94544
631	69.791595
632	95.72251
633	33.129715
634	85.34379
635	69.67531
636	39.660007
637	62.419563
638	84.07633
639	7.7385154
640	79.07397
641	30.637423
642	43.909424
643	89.24747
644	95.04099
645	10.24565
646	94.574135
647	57.12683
648	0.7201553
649	15.181717
650	59.450047
651	44.135765
652	95.58135
653	79.92917
654	90.10948
655	73.402824
656	31.82709
657	16.79747
658	29.078098
659	1.6876309
660	38.56064
661	72.18775
662	81.44648
663	76.19055
664	60.247097
665	69.33758
666	56.276016
667	0.46996883
668	58.91522
669	85.761215
670	35.048492
671	89.26285
672	45.87242
673	44.10038
674	37.15542
675	23.641203
676	70.40461
677	77.704704
678	34.926987
679	94.628845
680	60.737812
681	99.46892
682	29.9494
683	42.75962
684	95.38194
685	35.78463
686	72.55817
687	74.31514
688	51.134624
689	43.77356
690	69.22638
691	2.6529813
692	19.542557
693	82.84825
694	65.79594
695	1.1507274
696	1.0361171
697	13.272251
698	78.52441
699	46.51065
700	11.770125
701	96.04972
702	4.043808
703	14.046078
704	78.764854
705	58.010235
706	94.33488
707	28.107994
708	90.24658
709	27.687355
710	85.65207
711	54.53376
712	81.91088
