0	41.99841
1	40.807026
2	16.171082
3	58.363247
4	11.898337
5	5.8442583
6	8.381093
7	37.95567
8	76.0082
9	93.83913
10	87.26004
11	30.249817
12	79.71467
13	6.8240814
14	21.198317
15	54.57103
16	19.306202
17	5.189475
18	30.807526
19	8.828758
20	7.5458584
21	13.764475
22	98.83906
23	14.370343
24	42.32522
25	61.60759
26	62.30672
27	51.43297
28	41.093735
29	9.78748
30	48.643085
31	43.50913
32	14.252871
33	6.308587
34	34.024456
35	28.800594
36	47.5015
37	80.79963
38	84.717636
39	35.621918
40	36.24479
41	11.789207
42	81.427
43	30.907711
44	63.074158
45	31.869822
46	97.38227
47	0.8935087
48	54.00528
49	40.04894
50	11.790139
51	33.629753
52	90.600296
53	8.303314
54	60.924526
55	31.352022
56	93.98431
57	50.87647
58	63.12153
59	43.21233
60	96.93566
61	73.70565
62	83.690735
63	13.064695
64	39.849163
65	43.648014
66	10.856723
67	65.10408
68	32.87819
69	73.31962
70	25.536568
71	27.70036
72	40.49429
73	18.780777
74	54.87472
75	4.5068016
76	72.05757
77	99.25837
78	94.93771
79	67.16096
80	52.641582
81	63.0032
82	30.691563
83	32.945133
84	87.59048
85	21.496315
86	6.2309527
87	31.050043
88	4.836583
89	98.19055
90	72.65185
91	57.02575
92	25.717556
93	15.657815
94	33.78361
95	56.162212
96	71.79769
97	97.1352
98	73.92366
99	45.179348
100	49.71295
101	55.07472
102	13.536137
103	64.25709
104	50.69491
105	80.13656
106	14.791941
107	26.908604
108	14.519501
109	53.26988
110	42.32859
111	12.097757
112	87.9222
113	64.07716
114	36.72481
115	29.977022
116	23.017097
117	7.985773
118	76.499115
119	3.1767945
120	67.7259
121	63.614452
122	14.575102
123	33.49026
124	33.79721
125	52.468628
126	75.08695
127	94.408295
128	27.458447
129	22.906359
130	89.88614
131	78.59677
132	21.37944
133	19.547564
134	46.395416
135	81.36905
136	89.24229
137	25.667427
138	94.66956
139	64.106155
140	20.649939
141	32.188507
142	46.25235
143	19.67404
144	77.34746
145	38.11351
146	1.9885687
147	70.45492
148	59.847427
149	56.44108
150	67.55629
151	11.086434
152	18.971987
153	58.524734
154	84.16008
155	89.276634
156	32.145714
157	10.125412
158	26.85267
159	67.25174
160	2.6256433
161	45.318886
162	32.588512
163	8.383322
164	9.930742
165	78.71275
166	76.9453
167	28.256754
168	65.96455
169	40.501427
170	60.749157
171	49.0162
172	26.295647
173	12.722347
174	41.760468
175	29.699932
176	50.57054
177	41.997906
178	87.25912
179	19.377573
180	66.15157
181	47.220413
182	70.423325
183	76.109924
184	26.71388
185	40.92416
186	1.7632195
187	28.87333
188	17.443027
189	79.82028
190	23.402344
191	82.27898
192	61.963886
193	86.35684
194	97.834915
195	75.06419
196	0.8890113
197	11.635986
198	9.826319
199	46.07586
200	63.534977
201	38.014194
202	10.378208
203	61.80861
204	96.64033
205	17.093685
206	41.543537
207	62.24191
208	58.43074
209	0.38775256
210	92.86885
211	11.45
212	59.564228
213	58.79354
214	71.90184
215	81.33303
216	4.693499
217	73.6357
218	42.930435
219	13.161296
220	94.998634
221	5.596447
222	68.02238
223	79.04907
224	31.026245
225	42.80578
226	75.47145
227	81.04887
228	99.08949
229	41.32216
230	47.27672
231	11.879805
232	13.913579
233	88.90026
234	33.987087
235	9.348094
236	24.587336
237	9.9964285
238	3.4618764
239	68.30936
240	88.758675
241	86.77835
242	77.18352
243	6.39698
244	50.65835
245	8.822079
246	55.6733
247	40.830235
248	98.73536
249	75.81319
250	58.690384
251	39.87652
252	19.48462
253	66.83419
254	87.07653
255	79.00011
256	94.46269
257	11.795782
258	48.447426
259	33.67682
260	51.137356
261	7.8316264
262	70.49893
263	1.2832242
264	58.85343
265	68.18416
266	65.614044
267	69.42139
268	13.301565
269	99.08088
270	52.04824
271	32.18452
272	39.33861
273	24.427114
274	54.580288
275	73.44425
276	66.71532
277	82.83609
278	87.60236
279	60.04399
280	51.447746
281	41.264717
282	38.11492
283	0.8960251
284	6.8141627
285	42.051476
286	36.87763
287	52.372288
288	28.411589
289	94.71982
290	15.872137
291	97.18688
292	16.907503
293	77.3105
294	64.000145
295	8.733905
296	80.41477
297	78.08705
298	57.048027
299	50.35875
300	89.920265
301	0.37947845
302	56.634434
303	12.499702
304	29.736237
305	48.399494
306	31.25705
307	6.500595
308	98.44393
309	29.362127
310	55.778645
311	57.72632
312	72.860245
313	81.54081
314	31.573542
315	99.31922
316	44.824512
317	12.34823
318	88.70916
319	49.895058
320	27.002651
321	67.44153
322	29.775036
323	70.77489
324	75.04898
325	96.72432
326	8.795181
327	14.157412
328	68.417206
329	0.0066551
330	30.07886
331	99.236275
332	4.687632
333	60.655346
334	53.664753
335	70.551704
336	55.17647
337	60.834457
338	80.63882
339	33.334755
340	4.30798
341	94.97404
342	26.973269
343	19.025627
344	96.98817
345	84.35879
346	28.6244
347	55.589363
348	70.95631
349	87.47145
350	12.835613
351	68.05455
352	41.92107
353	16.366907
354	9.1426
355	64.405045
356	33.11247
357	23.056808
358	51.30895
359	80.90954
360	65.780266
361	27.217417
362	98.309135
363	72.724915
364	97.2833
365	36.42215
366	86.27148
367	18.74893
368	26.43302
369	18.580982
370	75.36866
371	43.833717
372	34.03838
373	73.77201
374	47.63293
375	48.31397
376	23.063328
377	28.12331
378	49.317326
379	64.16785
380	85.863716
381	72.62058
382	17.747606
383	70.9876
384	25.0664
385	32.185658
386	72.426506
387	63.390305
388	91.265915
389	25.947746
390	4.58786
391	81.49148
392	29.686127
393	77.62738
394	89.8525
395	74.14848
396	70.842155
397	57.713486
398	72.0329
399	27.291536
400	61.98071
401	82.68732
402	18.154552
403	24.09513
404	37.83215
405	96.872894
406	2.7484145
407	43.147663
408	82.66545
409	71.247154
410	30.216898
411	68.87303
412	74.96733
413	54.580654
414	70.28466
415	20.040379
416	96.72133
417	82.84044
418	35.072536
419	46.251804
420	91.12751
421	46.151226
422	98.82297
423	98.86277
424	92.93308
425	60.116444
426	48.65408
427	15.138348
428	19.056147
429	36.381058
430	1.5939823
431	58.195656
432	76.72804
433	9.077057
434	74.572784
435	96.28519
436	91.505844
437	79.21202
438	51.5936
439	12.567174
440	95.52995
441	38.606487
442	70.3311
443	46.286385
444	13.349191
445	28.31027
446	4.4197526
447	88.25693
448	6.7107673
449	13.657453
450	53.960297
451	27.484215
452	17.894373
453	25.194252
454	5.2593765
455	8.938114
456	76.71522
457	55.614338
458	16.912203
459	75.93981
460	72.69353
461	10.364265
462	62.348858
463	55.179684
464	77.695656
465	35.463844
466	86.79368
467	51.27784
468	30.386269
469	16.134457
470	11.667729
471	73.7564
472	79.67598
473	35.62555
474	79.06936
475	90.2154
476	27.797924
477	59.16273
478	57.888218
479	81.72751
480	88.56653
481	82.534546
482	96.39314
483	10.855347
484	92.11432
485	80.572334
486	17.088665
487	23.311298
488	74.237854
489	53.2648
490	48.805977
491	19.587713
492	86.29304
493	31.12601
494	38.42096
495	37.16538
496	0.9619503
497	80.43485
498	14.949791
499	50.413624
500	68.61937
501	34.41699
502	97.09062
503	9.3674345
504	5.760611
505	54.17392
506	45.47104
507	81.575905
508	99.53715
509	40.12088
510	70.620415
511	27.931879
512	26.162045
513	83.79603
514	71.17743
515	64.599724
516	54.868725
517	11.915082
518	67.767975
519	24.242434
520	29.948832
521	41.354813
522	94.198845
523	26.028366
524	90.672935
525	52.594963
526	39.035435
527	6.3839383
528	67.38742
529	49.15324
530	77.30737
531	15.614125
532	24.115808
533	56.91093
534	7.723137
535	33.05656
536	18.794472
537	92.78729
538	66.93917
539	26.340527
540	49.49026
541	64.84326
542	51.27837
543	55.20549
544	5.536095
545	7.833806
546	84.41427
547	87.61911
548	23.087141
549	58.325565
550	45.41606
551	53.844685
552	40.791508
553	14.21939
554	13.053457
555	12.643272
556	63.08587
557	4.864836
558	89.38934
559	42.955772
560	66.06778
561	19.926464
562	38.44217
563	4.1955
564	23.962872
565	7.7593307
566	14.078702
567	28.691872
568	92.8965
569	90.64749
570	33.393513
571	62.282852
572	35.51838
573	39.596783
574	85.36876
575	48.0114
576	36.24336
577	98.34915
578	21.36873
579	59.38008
580	4.0857954
581	4.463018
582	70.96526
583	9.02009
584	14.357745
585	2.4936852
586	37.09776
587	12.607578
588	3.2916915
589	73.949814
590	67.77743
591	23.275232
592	91.870026
593	75.46754
594	55.800755
595	51.963642
596	34.551014
597	81.412865
598	39.027847
599	1.34054
600	40.55911
601	74.39451
602	49.710983
603	42.68964
604	29.296234
605	23.459646
606	62.80868
607	63.61791
608	32.860043
609	30.173874
610	56.795273
611	98.31524
612	78.61909
613	85.22756
614	85.58966
615	61.573284
616	45.048542
617	95.49591
618	90.79329
619	57.867626
620	9.909187
621	49.39029
622	29.618893
623	27.530409
624	1.3561645
625	86.87351
626	55.707733
627	23.38798
628	59.77565
629	97.60818
630	88.729576
631	60.111534
632	61.207462
633	6.8456116
634	63.015648
635	11.232611
636	65.45454
637	76.43207
638	18.010843
639	32.711197
640	28.890139
641	59.44013
642	27.13431
643	17.813171
644	15.773501
645	85.51231
646	50.30677
647	94.17454
648	60.56884
649	26.252525
650	49.374977
651	60.71424
652	25.05277
653	23.710464
654	91.76645
655	1.7665163
656	36.731827
657	55.55222
658	52.10307
659	23.8061
660	36.574135
661	87.79542
662	26.928604
663	91.294685
664	67.35057
665	42.928894
666	74.08703
667	85.23971
668	72.18737
669	78.66708
670	83.58762
671	3.6799767
672	44.83213
673	41.129715
674	3.479786
675	11.167527
676	24.204903
677	85.06725
678	51.06869
679	33.366005
680	23.794294
681	30.193508
682	39.058094
683	62.805374
684	49.858086
685	96.48364
686	75.7843
687	12.747583
688	81.156654
689	88.17138
690	75.98486
691	72.28598
692	23.8284
693	86.61705
694	50.9894
695	28.75825
696	50.96836
697	71.69056
698	57.473724
699	90.83764
700	17.037516
701	91.41121
702	92.504974
703	29.37208
704	49.143467
705	56.699
706	79.77093
707	8.858149
708	17.660376
709	55.706184
710	36.328457
711	7.653616
712	99.51609
713	27.686846
714	56.23604
715	41.85754
716	58.68663
717	68.420685
718	84.877754
719	86.971924
720	66.05299
721	27.507591
722	21.049013
723	76.96725
724	75.551575
725	61.991447
726	29.040682
727	63.621895
728	31.631863
729	77.58469
730	47.89511
731	35.540268
732	36.259445
733	13.978706
734	27.292662
735	51.82099
736	78.79971
737	13.460003
738	97.81564
739	45.232418
740	6.594767
741	50.12883
742	90.59951
743	0.20105897
744	37.52977
745	40.32592
746	6.3010445
747	16.746572
748	73.3051
749	54.70332
750	35.451786
751	28.449532
752	19.825056
753	33.720665
754	90.24525
755	86.38405
756	75.77997
757	71.4004
758	84.93368
759	54.942944
760	57.42681
761	50.391376
762	15.74792
763	88.57516
764	82.60846
765	93.90876
766	42.934208
767	16.077234
768	7.907364
769	79.11791
770	20.183548
771	95.67987
772	76.59097
773	29.743502
774	29.797314
775	66.34363
776	31.491426
777	64.26967
778	5.789853
779	8.912565
780	12.547871
781	19.941263
782	18.3585
783	81.30669
784	61.20617
785	54.63079
786	56.004436
787	20.326853
788	5.110346
789	0.97602147
790	15.061762
791	90.348656
792	30.784058
793	2.8664002
794	11.682584
795	38.531036
796	42.774643
797	83.07507
798	21.532059
799	23.513159
800	14.477074
801	72.66492
802	8.156291
803	52.639664
804	44.03166
805	99.64626
806	63.124855
807	29.044914
808	48.41622
809	5.5588865
810	89.4339
811	82.22141
812	63.451096
813	35.845116
814	37.704197
815	68.26283
816	74.164246
817	34.751102
818	3.756967
819	42.495438
820	10.648905
821	97.20401
822	65.023735
823	0.85856473
824	32.095474
825	24.359
826	43.445515
827	81.554924
828	82.37354
829	8.484597
830	23.334957
831	35.22208
832	89.08588
833	34.47329
834	95.1839
835	24.713263
836	24.002014
837	29.695429
838	68.65271
839	30.24693
840	48.348167
841	98.48183
842	4.070055
843	32.244358
844	44.431103
845	9.336185
846	37.886593
847	23.94458
848	12.720446
849	86.077415
850	68.54039
851	63.776413
852	52.986626
853	56.105076
854	82.847015
855	2.4892857
856	65.65819
857	18.836937
858	2.3474894
859	55.49661
860	31.252209
861	70.9741
862	80.06764
863	80.92326
864	52.04623
865	19.56154
866	74.11151
867	92.69619
868	0.24050577
869	21.08077
870	35.646664
871	8.344963
872	65.58002
873	46.865913
874	82.06969
875	78.203545
876	39.08505
877	29.70446
878	73.26399
879	48.951107
880	39.029095
881	12.5813
882	32.784653
883	57.017544
884	55.430466
885	2.9025064
886	9.007252
887	49.08352
888	44.001472
889	74.62526
890	45.11259
891	35.963074
892	62.351364
893	59.644547
894	73.602325
895	7.835959
896	52.500866
897	8.929326
898	31.112438
899	40.334023
900	54.310604
901	36.667694
902	1.8437624
903	4.7997937
904	24.958153
905	42.93386
906	12.928611
907	96.23917
908	22.231672
909	77.836685
910	41.771893
911	86.88226
912	41.389618
913	36.860756
914	57.42525
915	19.204432
916	74.53884
917	24.953209
918	60.680992
919	35.618225
920	4.674556
921	55.85027
922	12.508175
923	33.950653
924	93.00378
925	11.849388
926	41.353825
927	39.29636
928	50.214275
929	65.130585
930	85.65501
931	79.74422
932	19.18583
933	80.85714
934	14.649676
935	46.199524
936	95.45928
937	64.60246
938	38.36288
939	71.042465
940	6.572015
941	76.6149
942	82.90264
943	34.64227
944	44.321327
945	41.143997
946	82.53044
947	87.85536
948	80.44195
949	92.20306
950	68.86439
951	10.383542
952	11.5590925
953	72.82682
954	57.92022
955	62.053493
956	1.6208762
957	22.751722
958	39.180416
959	64.62852
960	37.83529
961	73.450806
962	52.12925
963	92.743065
964	25.192446
965	80.4579
966	15.8294525
967	32.35032
968	93.43674
969	63.672615
970	5.447778
971	63.813904
972	27.995924
973	83.97497
974	21.454067
975	69.673615
976	69.096115
977	73.89639
978	51.02723
979	96.26208
980	16.375883
981	40.30008
982	4.473296
983	99.34664
984	18.17596
985	89.30207
986	42.213356
987	81.13357
988	74.59064
989	23.313051
990	38.365147
991	29.556458
992	68.91409
993	53.76768
994	83.48486
995	44.435646
996	61.760044
997	71.815895
998	69.56606
999	90.10372
1000	36.51904
1001	25.064117
1002	0.8443262
1003	36.691998
1004	46.997147
1005	74.159164
1006	56.40119
1007	86.28868
1008	21.788944
1009	94.07791
1010	36.1474
1011	40.434246
1012	45.742977
1013	69.67212
1014	98.53035
1015	39.137066
1016	52.663868
1017	56.5767
1018	70.86286
1019	68.885635
1020	83.880615
1021	95.24078
1022	43.863735
1023	31.34565
1024	8.8115635
1025	47.743507
1026	47.92608
1027	60.04176
1028	24.713444
1029	17.579903
1030	90.59896
1031	80.74727
1032	80.46541
1033	24.679594
1034	64.286446
1035	70.10861
1036	4.351363
1037	34.66748
1038	62.09977
1039	18.313177
1040	84.95604
1041	58.954315
1042	36.948303
1043	63.970676
1044	75.60283
1045	95.09576
1046	3.4720585
1047	13.459876
1048	94.10956
1049	15.418411
1050	74.46022
1051	24.834082
1052	66.18025
1053	78.05165
1054	83.81492
1055	16.672556
1056	8.771922
1057	29.363127
1058	29.987936
1059	9.229761
1060	19.001928
1061	51.729527
1062	61.87654
1063	94.91032
1064	45.332764
1065	54.556057
1066	64.681564
1067	82.429504
1068	30.195095
1069	47.2881
1070	13.741523
1071	32.465492
1072	2.8870773
1073	62.823673
1074	67.21906
1075	32.16166
1076	51.728527
1077	86.89422
1078	62.637566
1079	79.81132
1080	5.940348
1081	19.928305
1082	0.7064046
1083	94.17664
1084	90.025085
1085	44.842495
1086	77.04212
1087	33.179
1088	5.5438323
1089	32.71959
1090	12.98634
1091	11.539635
1092	8.061496
1093	49.899826
1094	59.4684
1095	25.01692
1096	42.459377
1097	87.61865
1098	35.207184
1099	72.7348
1100	18.661474
1101	79.95324
1102	37.206936
1103	34.03858
1104	69.29369
1105	86.0941
1106	28.786846
1107	36.88073
1108	30.892866
1109	88.83685
1110	68.29453
1111	50.930504
1112	31.004936
1113	2.6932251
1114	90.18851
1115	50.41794
1116	44.859535
1117	92.14929
1118	89.33502
1119	64.82654
1120	27.77154
1121	56.741096
1122	75.30597
1123	10.506868
1124	27.509542
1125	41.15684
1126	74.69213
1127	18.426607
1128	28.665705
1129	33.534775
1130	66.41289
1131	4.355787
1132	45.886066
1133	21.596998
1134	64.28807
1135	36.05321
1136	69.52105
1137	43.683315
1138	13.405064
1139	62.32691
1140	16.484516
1141	77.85735
1142	69.75579
1143	47.248997
1144	37.948105
1145	73.38719
1146	35.58748
1147	90.417114
1148	44.195255
1149	54.020626
1150	48.788574
1151	62.884552
1152	85.801025
1153	5.973639
1154	44.87541
1155	12.450098
1156	35.219265
1157	49.448143
1158	59.648205
1159	39.880875
1160	22.688362
1161	11.418823
1162	82.483734
1163	57.582874
1164	78.229
1165	14.318418
1166	82.081055
1167	47.550377
1168	6.872803
1169	62.40384
1170	59.38442
1171	78.84072
1172	71.66231
1173	29.714407
1174	58.96035
1175	19.910751
1176	35.552208
1177	88.35079
1178	64.90416
1179	65.37933
1180	96.81812
1181	23.361988
1182	98.77239
1183	97.27467
1184	10.962662
1185	2.9433312
1186	52.960686
1187	79.73843
1188	75.5867
1189	92.62278
1190	86.01294
1191	78.37515
1192	95.73052
1193	15.527614
1194	23.888256
1195	37.361443
1196	38.863846
1197	52.600494
1198	31.376951
1199	76.085266
1200	78.87142
1201	67.392944
1202	96.935844
1203	98.864784
1204	2.0840013
1205	10.284196
1206	66.534485
1207	47.80277
1208	35.277466
1209	54.73452
1210	99.57562
1211	64.44083
1212	0.30698878
1213	6.4328427
1214	35.723454
1215	49.55981
1216	8.08687
1217	77.07769
1218	94.38357
1219	81.66411
1220	20.349236
1221	31.0342
1222	52.11338
1223	41.503883
1224	63.96249
1225	95.23889
1226	57.40221
1227	92.430916
1228	79.56308
1229	70.47785
1230	47.045258
1231	84.44984
1232	23.851738
1233	95.542786
1234	23.745813
1235	83.518234
1236	23.128065
1237	94.773415
1238	40.61535
1239	76.9653
1240	94.485
1241	84.123535
1242	14.901103
1243	70.84019
1244	79.70684
1245	28.952003
1246	66.68748
1247	43.697746
1248	42.318657
1249	5.519516
1250	11.1398115
1251	5.5593295
1252	46.985504
1253	44.409985
1254	31.194983
1255	13.468014
1256	96.46633
1257	63.53747
1258	26.951887
1259	37.65853
1260	99.687004
1261	29.908472
1262	41.675243
1263	86.18067
1264	69.27558
1265	60.647385
1266	10.528374
1267	76.6504
1268	20.952337
1269	0.6113869
1270	34.45
1271	14.494537
1272	10.100708
1273	66.50842
1274	62.31449
1275	96.91196
1276	38.62845
1277	6.3281713
1278	65.698296
1279	45.484844
1280	56.314087
1281	39.258118
1282	88.215034
1283	25.094856
1284	71.83551
1285	37.4568
1286	70.10984
1287	39.155964
1288	48.89639
1289	43.091324
1290	17.23384
1291	39.48966
1292	4.194003
1293	89.71889
1294	18.233896
1295	28.316551
1296	30.794857
1297	38.112175
1298	59.36108
1299	1.6119729
1300	77.90708
1301	39.787056
1302	46.586655
1303	98.27993
1304	30.999317
1305	45.550312
1306	83.80579
1307	60.49189
1308	27.145815
1309	37.90281
1310	11.309921
1311	49.616405
1312	11.551866
1313	90.64437
1314	67.527306
1315	99.65153
1316	50.822605
1317	32.50142
1318	34.21792
1319	26.696476
1320	9.979828
1321	63.97327
1322	75.749374
1323	79.44374
1324	43.10362
1325	18.544096
1326	30.126358
1327	47.389427
1328	33.38436
1329	68.68381
1330	57.99223
1331	17.708662
1332	19.166008
1333	51.050552
1334	28.061905
1335	65.6658
1336	97.462944
1337	0.8363311
1338	53.017155
1339	91.584206
1340	21.045727
1341	65.15548
1342	44.25862
1343	79.42847
1344	37.924675
1345	49.341564
1346	1.8394158
1347	36.49503
1348	89.67154
1349	74.88323
1350	22.743168
1351	34.252495
1352	16.476173
1353	0.36196026
1354	28.184177
1355	52.726093
1356	8.078624
1357	33.318665
1358	38.604336
1359	2.809172
1360	14.245103
1361	79.24159
1362	2.5237925
1363	94.054146
1364	97.51208
1365	97.81167
1366	64.09436
1367	54.32553
1368	33.558674
1369	60.20472
1370	40.300938
1371	78.46506
1372	46.54972
1373	76.18953
1374	72.74834
1375	80.94705
1376	81.3412
1377	45.770332
1378	72.13539
1379	23.220493
1380	81.06883
1381	57.56626
1382	90.879456
1383	37.040413
1384	11.493613
1385	62.33947
1386	57.253998
1387	94.18584
1388	43.212524
1389	74.48241
1390	47.079338
1391	10.564186
1392	44.338604
1393	40.69837
1394	30.2067
1395	14.527574
1396	47.522644
1397	85.62459
1398	68.640434
1399	18.579668
1400	51.567425
1401	11.73241
1402	45.903427
1403	63.262863
1404	47.835274
1405	5.155683
1406	51.098568
1407	71.64427
1408	63.309925
1409	89.03962
1410	25.591526
1411	88.073074
1412	4.458827
1413	71.56906
1414	1.9419816
1415	55.248516
1416	88.482475
1417	96.34333
1418	31.656227
1419	8.403515
1420	70.82974
1421	45.506317
1422	51.212254
1423	84.0679
1424	15.543852
1425	74.11604
1426	87.65208
1427	68.86532
1428	74.20125
1429	30.683182
1430	46.808918
1431	22.370075
1432	78.00104
1433	96.21305
1434	65.6697
1435	70.876686
1436	84.50892
1437	57.169903
1438	93.90457
1439	69.23721
1440	75.84573
1441	81.55729
1442	38.470966
1443	97.14991
1444	60.20639
1445	32.343334
1446	93.3323
1447	53.556747
1448	54.919434
1449	56.865105
1450	34.955933
1451	31.742676
1452	1.5443192
1453	20.638588
1454	52.352997
1455	56.534775
1456	11.141327
1457	27.86796
1458	56.666916
1459	38.238323
1460	29.904663
1461	74.79184
1462	27.005852
1463	70.5486
1464	8.955768
1465	32.99626
1466	80.30731
1467	2.6507409
1468	75.11205
1469	63.011246
1470	94.522514
1471	32.11178
1472	73.23776
1473	90.45102
1474	66.49545
1475	46.526005
1476	0.06800827
1477	52.570004
1478	87.30165
1479	64.78951
1480	5.1218963
1481	34.102837
1482	10.443318
1483	75.0911
1484	37.527752
1485	90.17212
1486	47.64984
1487	31.045597
1488	43.368633
1489	64.13457
1490	36.2899
1491	20.339098
1492	80.83374
1493	27.648718
1494	3.4072561
1495	57.761875
1496	51.304863
1497	26.923496
1498	97.81452
1499	95.8063
1500	63.473278
1501	86.85201
1502	3.9217377
1503	27.649204
1504	6.4572377
1505	28.098717
1506	70.89219
1507	65.08287
1508	73.46603
1509	31.665512
1510	5.651767
1511	38.194614
1512	70.83882
1513	79.58397
1514	13.285662
1515	15.607801
1516	2.62552
1517	38.747417
1518	53.388096
1519	26.348679
1520	99.66784
1521	73.42939
1522	78.69438
1523	84.10829
1524	40.35716
1525	73.53671
1526	74.999374
1527	55.09521
1528	16.090082
1529	54.995735
1530	40.93635
1531	35.911793
1532	36.16271
1533	59.929306
1534	97.96292
1535	12.5464115
1536	74.15958
1537	14.7345705
1538	30.943949
1539	31.184214
1540	89.353905
1541	78.533516
1542	26.639528
1543	34.132797
1544	54.84379
1545	27.678902
1546	41.40388
1547	71.396866
1548	91.89806
1549	50.892914
1550	52.7112
1551	34.48095
1552	76.65907
1553	89.04621
1554	8.274946
1555	10.255208
1556	19.164968
1557	22.355864
1558	8.924114
1559	39.56389
1560	15.385757
1561	17.377161
1562	9.976573
1563	35.421967
1564	96.862305
1565	14.792789
1566	49.160793
1567	12.866521
1568	97.59512
1569	44.068886
1570	60.23241
1571	26.557993
1572	77.64655
1573	91.40179
1574	80.486534
1575	1.6372786
1576	48.621914
1577	39.688705
1578	60.66022
1579	1.0254221
1580	22.579977
1581	30.375002
1582	56.32813
1583	41.312984
1584	52.549644
1585	76.95123
1586	2.1661282
1587	1.4154952
1588	13.112676
1589	20.907276
1590	28.640776
1591	19.18441
1592	19.74569
1593	90.56132
1594	63.43946
1595	50.98077
1596	52.488373
1597	72.83916
1598	54.65273
1599	12.068505
1600	78.08874
1601	96.05099
1602	49.891197
1603	51.208275
1604	94.477135
1605	39.94117
1606	1.0653062
1607	90.114555
1608	30.929575
1609	35.80551
1610	4.243261
1611	40.187492
1612	49.847088
1613	55.151627
1614	8.63754
1615	47.822334
1616	69.770775
1617	22.073763
1618	38.607216
1619	9.376006
1620	94.193825
1621	6.4910746
1622	96.579475
1623	46.090916
1624	23.061493
1625	66.411575
1626	19.152273
1627	75.69253
1628	56.17393
1629	10.746376
1630	72.481285
1631	89.76319
1632	27.621393
1633	2.216057
1634	89.38027
1635	20.745262
1636	67.05842
1637	98.18002
1638	27.134726
1639	62.67044
1640	33.491318
1641	42.058628
1642	76.38277
1643	24.5043
1644	68.07466
1645	23.97566
1646	70.68424
1647	0.5936628
1648	16.492323
1649	25.609062
1650	73.54305
1651	69.79489
1652	79.03959
1653	95.490395
1654	21.303368
1655	43.42525
1656	83.114624
1657	17.031063
1658	4.4424005
1659	82.99695
1660	77.62124
1661	34.874535
1662	87.00152
1663	95.759384
1664	97.82743
1665	10.396582
1666	88.730705
1667	5.625971
1668	36.49199
1669	62.799698
1670	60.031357
1671	12.131085
1672	90.06458
1673	87.316666
1674	61.4714
1675	27.437342
1676	31.506372
1677	66.697464
1678	54.173977
1679	65.37726
1680	77.01821
1681	60.791615
1682	73.73434
1683	91.15381
1684	51.369576
1685	32.592113
1686	26.427738
1687	29.202045
1688	67.8333
1689	93.66266
1690	75.37302
1691	2.2423637
1692	96.8658
1693	59.319798
1694	61.240566
1695	14.487105
1696	0.9440708
1697	95.903175
1698	10.567832
1699	5.8080173
1700	25.076199
1701	7.979207
1702	5.673779
1703	49.530666
1704	33.452354
1705	94.82681
1706	72.25182
1707	61.969814
1708	35.602993
1709	95.1516
1710	57.88115
1711	93.93131
1712	98.17071
1713	9.627769
1714	96.06407
1715	76.92705
1716	48.715252
1717	16.09032
1718	87.9417
1719	17.80716
1720	5.0152764
1721	8.774829
1722	99.00598
1723	87.195526
1724	22.90451
1725	86.83232
1726	24.452477
1727	37.765152
1728	79.86012
1729	37.21838
1730	23.930618
1731	8.419085
1732	51.158627
1733	83.15206
1734	54.192806
1735	50.176258
1736	96.98228
1737	8.359261
1738	26.729372
1739	8.377009
1740	44.73863
1741	8.32957
1742	1.2572241
1743	44.5029
1744	22.61689
1745	22.486929
1746	6.018687
1747	50.885803
1748	19.564476
1749	77.226204
1750	4.269426
1751	84.0404
1752	65.784996
1753	44.50551
1754	80.45161
1755	71.08134
1756	23.164562
1757	5.0456924
1758	11.6427145
1759	64.18014
1760	32.928246
1761	94.073364
1762	37.65124
1763	54.514256
1764	22.420933
1765	81.401955
1766	36.668083
1767	70.76767
1768	44.947083
1769	49.376427
1770	41.92371
1771	31.52739
1772	93.15335
1773	92.237625
1774	28.771536
1775	56.44615
1776	89.08262
1777	60.7691
1778	0.58517337
1779	58.7976
1780	89.428955
1781	52.829327
1782	81.24131
1783	80.94868
1784	58.175694
1785	54.344795
1786	27.740665
1787	83.09986
1788	4.878477
1789	8.205672
1790	72.96869
1791	52.442665
1792	46.911663
1793	45.548054
1794	24.690023
1795	49.48352
1796	88.41728
1797	74.0028
1798	87.60532
1799	63.8102
1800	63.76163
1801	15.306477
1802	28.983715
1803	92.23149
1804	34.69519
1805	10.063119
1806	77.06073
1807	61.888844
1808	95.56879
1809	6.4442677
1810	72.66273
1811	28.149021
1812	5.121388
1813	89.164276
1814	63.82814
1815	6.0988073
1816	24.465517
1817	87.50332
1818	94.843735
1819	83.29872
1820	20.073647
1821	10.99137
1822	85.17317
1823	16.594452
1824	7.45051
1825	5.616345
1826	18.136042
1827	41.293015
1828	74.23899
1829	53.43298
1830	17.483604
1831	31.809849
1832	7.4336996
1833	92.97864
1834	0.5431683
1835	8.70877
1836	25.874098
1837	67.917816
1838	21.602919
1839	12.056571
1840	44.18902
1841	36.337383
1842	59.0738
1843	13.7274
1844	64.92605
1845	67.30677
1846	41.911243
1847	96.501205
1848	43.271492
1849	60.532925
1850	83.48863
1851	18.728262
1852	40.48986
1853	14.424321
1854	74.77037
1855	95.18162
1856	6.4307947
1857	1.1176419
1858	41.312004
1859	79.256386
1860	36.601162
1861	53.350273
1862	32.53874
1863	36.641476
1864	83.948395
1865	10.874465
1866	7.774818
1867	51.577602
1868	52.29053
1869	55.461967
1870	16.395874
1871	65.97929
1872	93.57215
1873	80.411385
1874	82.960556
1875	24.84691
1876	48.41104
1877	72.07877
1878	58.928993
1879	76.82406
1880	15.719915
1881	74.65188
1882	56.576714
1883	98.763504
1884	35.370907
1885	2.57911
1886	15.715503
1887	88.58188
1888	27.755568
1889	36.28205
1890	61.37544
1891	46.155502
1892	14.923665
1893	71.05037
1894	94.435455
1895	37.121655
1896	68.58644
1897	71.2952
1898	29.24037
1899	51.57866
1900	86.4574
1901	80.228836
1902	40.208347
1903	47.850666
1904	18.794462
1905	13.338402
1906	97.68173
1907	37.569996
1908	13.620077
1909	17.851957
1910	93.666
1911	70.23658
1912	4.3615627
1913	56.039818
1914	59.61471
1915	72.03608
1916	25.161087
1917	26.22671
1918	15.562107
1919	33.834858
1920	82.893974
1921	99.52709
1922	44.817413
1923	42.584766
1924	57.62814
1925	71.84589
1926	7.1731606
1927	26.710686
1928	67.17822
1929	69.35207
1930	60.56684
1931	41.494415
1932	54.7615
1933	86.72211
1934	26.742813
1935	86.25179
1936	47.8025
1937	62.449932
1938	61.461334
1939	70.09988
1940	60.933174
1941	85.6744
1942	98.548416
1943	49.466293
1944	56.0024
1945	48.55713
1946	99.60838
1947	59.05495
1948	23.938995
1949	57.313583
1950	37.00265
1951	73.28427
1952	44.000618
1953	58.29541
1954	57.616528
1955	77.31302
1956	92.16837
1957	11.054055
1958	72.814156
1959	99.76019
1960	86.863525
1961	6.0408106
1962	46.705315
1963	85.79449
1964	71.26146
1965	61.53601
1966	92.60223
1967	55.140392
1968	9.863084
1969	70.14914
1970	49.942562
1971	41.421204
1972	23.12523
1973	44.22775
1974	15.77749
1975	13.581073
1976	50.64294
1977	67.65447
1978	68.01799
1979	56.591343
1980	38.217197
1981	69.81809
1982	7.2418947
1983	2.4613974
1984	88.4392
1985	71.92617
1986	85.532
1987	98.919655
1988	97.24198
1989	89.21261
1990	69.589264
1991	94.75895
1992	50.812054
1993	6.542003
1994	34.463104
1995	41.142548
1996	93.52276
1997	34.783066
1998	5.65959
1999	83.700005
2000	12.055236
2001	54.16871
2002	3.8697839
2003	29.353289
2004	91.459526
2005	63.37621
2006	81.86884
2007	75.60027
2008	69.90335
2009	27.748442
2010	59.79412
2011	48.701656
2012	1.5576619
2013	5.1731467
2014	36.304676
2015	85.010284
2016	7.921488
2017	12.118005
2018	46.159126
2019	59.158073
2020	2.7754889
2021	45.533676
2022	49.481037
2023	11.220154
2024	82.59465
2025	80.53803
2026	45.03888
2027	62.874527
2028	1.401589
2029	79.644936
2030	86.26348
2031	58.445427
2032	86.04627
2033	47.774387
2034	4.9923587
2035	62.670372
2036	84.47006
2037	3.0999575
2038	67.594826
2039	57.18887
2040	5.262085
2041	73.87029
2042	27.844385
2043	72.77365
2044	30.96943
2045	38.523567
2046	1.8041804
2047	67.329285
2048	41.27411
2049	67.436165
2050	1.0256145
2051	33.077343
2052	51.69343
2053	14.005003
2054	31.163895
2055	89.49718
2056	88.0287
2057	26.927282
2058	36.30281
2059	60.550175
2060	72.73403
2061	66.0997
2062	77.66061
2063	31.109364
2064	24.37727
2065	29.558895
2066	60.34887
2067	2.5161524
2068	96.36479
2069	23.884985
2070	46.856216
2071	92.186195
2072	6.102085
2073	35.490196
2074	20.928759
2075	47.186188
2076	30.762009
2077	85.21432
2078	90.51913
2079	66.70347
2080	70.83261
2081	73.64891
2082	43.47603
2083	53.330334
2084	7.6163425
2085	49.612217
2086	10.766979
2087	1.9598328
2088	34.85671
2089	25.98328
2090	53.65089
2091	6.256775
2092	62.45263
2093	52.622734
2094	39.412838
2095	8.750014
2096	23.395998
2097	4.7731133
2098	51.471992
2099	5.060108
2100	45.81375
2101	57.73468
2102	88.31543
2103	43.300255
2104	79.156204
2105	69.81195
2106	65.53302
2107	46.01267
2108	43.48588
2109	98.24149
2110	6.0660343
2111	90.0912
2112	46.60064
2113	98.25803
2114	5.000591
2115	62.23982
2116	59.685722
2117	75.90836
2118	54.7075
2119	2.699459
2120	83.66051
2121	76.685555
2122	41.915173
2123	71.42503
2124	33.02093
2125	72.48587
2126	73.819984
2127	77.920456
2128	85.8787
2129	73.722206
2130	88.28475
2131	88.4235
2132	18.674564
2133	22.498392
2134	5.5472813
2135	74.112465
2136	95.4875
2137	43.01611
2138	3.860734
2139	89.00635
2140	6.8617907
2141	50.386364
2142	50.985798
2143	82.67377
2144	56.475185
2145	52.653305
2146	50.645794
2147	82.46957
2148	64.22744
2149	84.90674
2150	8.077862
2151	95.96209
2152	98.46914
2153	42.59531
2154	34.29944
2155	92.89631
2156	71.19268
2157	97.48843
2158	41.73151
2159	34.306305
2160	42.86872
2161	93.48478
2162	76.8901
2163	77.703094
2164	47.226692
2165	94.472626
2166	53.816
2167	37.905273
2168	44.355656
2169	40.379158
2170	29.073029
2171	0.011626561
2172	72.661736
2173	58.753395
2174	46.060116
2175	37.553432
2176	49.29675
2177	38.735737
2178	8.871673
2179	88.485146
2180	88.579216
2181	37.118233
2182	73.70428
2183	14.718633
2184	27.382483
2185	90.75769
2186	2.6992853
2187	86.15966
2188	95.18988
2189	51.834305
2190	33.23054
2191	41.40246
2192	45.51409
2193	7.299135
2194	88.303444
2195	10.523793
2196	0.8612505
2197	19.330729
2198	69.23043
2199	5.9716973
2200	35.932697
2201	76.72605
2202	96.60055
2203	34.258068
2204	68.52353
2205	58.746975
2206	98.379814
2207	44.507965
2208	51.60008
2209	73.43845
2210	45.4272
2211	4.6906505
2212	99.24449
2213	23.890066
2214	60.3846
2215	69.64688
2216	7.070977
2217	40.294384
2218	20.859592
2219	77.51638
2220	77.0232
2221	53.99768
2222	35.766994
2223	61.454987
2224	61.98962
2225	80.73758
2226	76.165184
2227	6.7412453
2228	46.080235
2229	74.19818
2230	78.49303
2231	48.198456
2232	41.293846
2233	83.798134
2234	44.536232
2235	35.034344
2236	65.0542
2237	44.982185
2238	52.10148
2239	58.635067
2240	74.98379
2241	66.11274
2242	6.565389
2243	8.798977
2244	78.81626
2245	65.48343
2246	98.226524
2247	20.594503
2248	98.65005
2249	34.4301
2250	28.606007
2251	20.656961
2252	51.95902
2253	44.27863
2254	56.151268
2255	58.907757
2256	19.02888
2257	42.845142
2258	86.21833
2259	61.6923
2260	94.83475
2261	98.68098
2262	26.073755
2263	43.62524
2264	43.29916
2265	36.88426
2266	28.282413
2267	5.9448404
2268	73.356514
2269	54.218506
2270	16.943977
2271	27.82657
2272	99.188
2273	31.08831
2274	90.15796
2275	31.368477
2276	44.181313
2277	95.634346
2278	8.233462
2279	38.39179
2280	54.66777
2281	76.949554
2282	55.457966
2283	99.1233
2284	18.347857
2285	18.901379
2286	67.90086
2287	38.998108
2288	27.237568
2289	74.82778
2290	34.153378
2291	34.578724
2292	60.366787
2293	73.54433
2294	86.15255
2295	57.849102
2296	88.54284
2297	77.10628
2298	35.548794
2299	24.1002
2300	93.724495
2301	50.256023
2302	25.679281
2303	56.96592
