0	46.662693
1	47.451393
2	29.414482
3	23.924206
4	78.80255
5	8.113294
6	32.0404
7	13.348512
8	64.432976
9	59.89734
10	36.793842
11	71.31718
12	8.2102785
13	87.39936
14	47.145752
15	81.92457
16	97.723076
17	15.073434
18	62.05191
19	8.2080345
20	81.51994
21	53.821312
22	82.22849
23	48.370773
24	85.58678
25	42.02784
26	8.574159
27	81.82894
28	19.853851
29	40.828007
30	69.972374
31	38.83791
32	12.804715
33	70.21216
34	81.20607
35	60.85593
36	72.50674
37	80.26922
38	39.03755
39	86.6041
40	40.49631
41	44.993675
42	82.78977
43	95.90857
44	44.869083
45	8.015433
46	78.77575
47	4.184957
48	79.83331
49	16.583263
50	23.330175
51	27.002613
52	55.662655
53	78.06754
54	38.72237
55	74.71843
56	18.436117
57	61.385307
58	12.624079
59	43.56068
60	88.14014
61	70.128876
62	97.79671
63	56.912666
64	38.267597
65	79.526146
66	5.8479404
67	28.17147
68	66.6551
69	34.64744
70	42.217545
71	76.94477
72	58.95915
73	99.84601
74	68.38842
75	64.48393
76	44.74526
77	18.93406
78	47.462566
79	30.922121
80	44.596172
81	45.26935
82	62.59728
83	84.89145
84	19.607304
85	2.0538447
86	45.41332
87	20.034666
88	95.662766
89	1.2536863
90	57.949703
91	54.74595
92	64.0645
93	98.6135
94	46.220844
95	18.359192
96	49.67589
97	82.937126
98	73.142746
99	71.65301
100	99.12204
101	27.982445
102	85.177055
103	43.779984
104	64.73331
105	18.618969
106	91.74866
107	65.09108
108	11.188279
109	99.32247
110	39.324787
111	75.81422
112	51.206947
113	82.6318
114	43.00033
115	94.15941
116	24.164232
117	97.86872
118	97.51635
119	34.161266
120	67.1387
121	56.222637
122	26.845608
123	73.43259
124	91.68076
125	57.227406
126	46.81116
127	35.318436
128	91.276215
129	1.3522844
130	82.30455
131	12.397617
132	16.248732
133	7.497148
134	30.48663
135	9.319186
136	68.32369
137	83.76471
138	21.896175
139	85.81804
140	59.135876
141	70.756775
142	35.111134
143	57.09224
144	18.498974
145	12.803805
146	56.74301
147	31.29593
148	19.255672
149	88.84758
150	59.03837
151	66.00247
152	89.79531
153	41.032387
154	27.464746
155	11.221096
156	31.617098
157	38.57074
158	18.314175
159	72.92465
160	91.79003
161	65.619995
162	11.161949
163	50.062298
164	55.914543
165	77.708305
166	79.94313
167	35.907658
168	48.158054
169	37.053352
170	53.691193
171	90.07437
172	31.16007
173	90.33607
174	27.34239
175	87.53902
176	21.380379
177	64.49349
178	38.696224
179	9.903952
180	82.315384
181	12.143572
182	62.013557
183	73.45575
184	31.171444
185	95.55193
186	24.084332
187	74.54778
188	38.468987
189	58.27923
190	38.04705
191	28.539625
192	1.6178281
193	86.45765
194	16.615555
195	89.255104
196	8.603058
197	28.518192
198	70.76697
199	61.296402
200	19.43368
201	70.82021
202	91.13882
203	75.84222
204	39.733173
205	28.252192
206	24.345213
207	45.924133
208	11.405928
209	15.264793
210	86.039314
211	78.321495
212	83.87486
213	89.578125
214	89.202
215	98.36881
216	77.1244
217	30.514608
218	5.985688
219	7.3394074
220	91.82607
221	51.646877
222	18.99289
223	88.54121
224	60.266197
225	54.150055
226	95.97401
227	77.35904
228	84.01392
229	98.592705
230	46.92868
231	35.477894
232	33.63565
233	97.90096
234	47.595066
235	94.52142
236	95.47569
237	59.230015
238	38.311443
239	59.340137
240	6.0948935
241	27.477543
242	32.23448
243	86.18356
244	1.7442667
245	8.173325
246	91.89863
247	75.99092
248	65.82249
249	72.47944
250	58.100872
251	48.034462
252	52.692272
253	22.617004
254	29.894325
255	2.844046
256	67.78836
257	50.736053
258	59.490845
259	47.568684
260	2.6481054
261	66.680756
262	9.072202
263	31.390703
264	71.91724
265	73.99118
266	42.97512
267	29.185673
268	35.677715
269	93.628136
270	68.48041
271	37.15845
272	1.6512263
273	4.1581798
274	71.75947
275	18.158545
276	51.302097
277	0.14912897
278	84.05323
279	19.315107
280	25.1825
281	19.257666
282	61.17138
283	54.948654
284	23.075193
285	2.524007
286	17.077074
287	63.509106
288	91.38545
289	2.0637984
290	60.209156
291	70.51135
292	60.910652
293	33.823196
294	67.86822
295	75.70278
296	73.47384
297	67.24699
298	58.147514
299	55.872425
300	38.15896
301	18.61983
302	77.410736
303	57.250443
304	43.575424
305	92.72416
306	80.09239
307	43.699875
308	53.518402
309	47.624367
310	20.589142
311	3.776773
312	72.2938
313	30.351665
314	49.425274
315	28.383715
316	0.9256723
317	21.874619
318	32.536007
319	50.874672
320	48.437675
321	51.190975
322	39.370293
323	61.61902
324	21.586147
325	88.263
326	81.20244
327	47.403294
328	46.89933
329	98.01273
330	97.13548
331	15.385282
332	65.57087
333	9.393997
334	70.518585
335	24.915012
336	57.606926
337	63.79659
338	23.005241
339	57.105644
340	23.784618
341	75.856064
342	45.494823
343	25.88025
344	52.549255
345	0.868577
346	27.321457
347	50.532146
348	48.080288
349	88.6358
350	56.454712
351	34.29475
352	23.123505
353	22.430902
354	46.54152
355	82.90287
356	15.374718
357	13.769158
358	53.435673
359	72.13229
360	90.792206
361	38.542206
362	97.34976
363	58.30056
364	98.50905
365	13.70235
366	34.51412
367	61.240276
368	18.337717
369	0.97924995
370	40.540897
371	71.30113
372	4.872665
373	97.05243
374	16.386986
375	3.0901518
376	90.87143
377	36.62234
378	51.285793
379	55.80495
380	16.509398
381	26.52957
382	24.762245
383	95.495605
384	67.405556
385	63.556087
386	38.706177
387	16.465876
388	21.889805
389	57.99481
390	29.099674
391	56.54076
392	12.292748
393	66.47867
394	75.36182
395	16.579155
396	18.349007
397	21.307095
398	97.59755
399	51.8954
400	24.441847
401	29.133121
402	37.549717
403	97.58823
404	91.112015
405	28.586735
406	5.517716
407	92.4742
408	62.240555
409	35.475464
410	15.343688
411	3.2741215
412	3.5835273
413	10.341733
414	81.39125
415	43.22759
416	18.299534
417	17.124601
418	37.203087
419	6.409902
420	26.611065
421	81.982185
422	58.953663
423	75.493965
424	93.7204
425	87.08756
426	22.471928
427	69.6335
428	93.381165
429	70.94604
430	20.786858
431	34.78223
432	64.208755
433	41.950596
434	39.367016
435	22.9027
436	7.0025015
437	81.22361
438	81.15541
439	19.964891
440	54.105244
441	26.834124
442	39.162697
443	65.259315
444	73.81631
445	37.367912
446	66.47862
447	16.602354
448	65.44534
449	85.41425
450	7.2245893
451	50.111633
452	38.40717
453	28.974148
454	64.8757
455	60.750984
456	95.34825
457	12.228699
458	70.53996
459	68.37663
460	13.6860075
461	23.384932
462	88.44574
463	1.5046003
464	93.508316
465	82.84443
466	73.31333
467	90.101
468	46.51883
469	70.58442
470	90.087494
471	35.904297
472	10.577144
473	65.41072
474	26.937223
475	93.20353
476	49.459152
477	86.91102
478	29.125624
479	13.37954
480	77.24014
481	50.541954
482	18.437954
483	82.02173
484	7.367247
485	91.97114
486	90.0764
487	50.37739
488	51.5878
489	20.035692
490	15.887189
491	13.828109
492	93.3606
493	13.943101
494	61.06882
495	94.20114
496	14.041635
497	72.03825
498	66.319954
499	85.97407
500	25.495964
501	63.312798
502	14.684689
503	80.04033
504	10.217994
505	74.20586
506	90.88585
507	50.695457
508	49.286686
509	3.9527066
510	95.09926
511	45.14963
512	29.778631
513	52.630917
514	30.89222
515	88.11994
516	43.27621
517	61.814995
518	48.257336
519	71.949844
520	89.48974
521	62.772392
522	98.103676
523	35.790565
524	25.089577
525	85.69052
526	88.44959
527	89.25554
528	24.001112
529	54.174133
530	78.23958
531	87.655334
532	49.849277
533	1.6616799
534	12.841013
535	63.28395
536	92.508766
537	82.83499
538	8.10858
539	17.715569
540	0.11066948
541	42.647366
542	70.86121
543	83.68413
544	45.375713
545	48.270992
546	2.6984289
547	71.856445
548	0.7889902
549	85.06539
550	82.41047
551	15.3974085
552	8.545033
553	79.12205
554	4.2416706
555	54.67007
556	73.78011
557	75.053246
558	68.95467
559	19.056261
560	63.49889
561	32.784775
562	48.0536
563	36.675003
564	61.642735
565	2.1181521
566	7.8500285
567	87.82702
568	25.919037
569	63.693127
570	4.7865644
571	47.76364
572	74.12464
573	7.7840185
574	64.89106
575	64.24323
576	63.317238
577	97.823975
578	48.902485
579	45.464027
580	97.60428
581	39.802834
582	86.34798
583	44.606953
584	71.11997
585	90.891235
586	46.713684
587	38.31003
588	95.92986
589	72.69459
590	16.67557
591	38.95717
592	43.09778
593	69.53202
594	80.58625
595	63.717686
596	98.37356
597	72.86069
598	33.04085
599	37.20314
600	86.5804
601	29.210194
602	77.57514
603	39.794262
604	82.928795
605	23.101244
606	86.41768
607	74.29955
608	16.665007
609	1.9379267
610	41.529217
611	12.200873
612	84.87315
613	43.28167
614	62.934917
615	99.721596
616	69.041626
617	25.038996
618	45.60335
619	23.542355
620	68.986336
621	23.214643
622	63.721943
623	21.265821
624	56.819458
625	27.642633
626	86.25733
627	40.32473
628	45.09078
629	14.802796
630	89.76864
631	83.32559
632	99.29521
633	36.68695
634	24.193764
635	74.38299
636	26.27288
637	32.97243
638	49.494698
639	75.82644
640	32.259098
641	72.510254
642	30.924564
643	49.34475
644	62.862484
645	77.763695
646	93.18654
647	15.1769285
648	76.01366
649	17.207624
650	35.80481
651	9.733781
652	56.903694
653	82.46374
654	94.29534
655	71.37448
656	84.37881
657	35.43418
658	36.509605
659	35.172703
660	95.11831
661	63.47632
662	73.311
663	24.061796
664	46.891937
665	6.6010156
666	41.267776
667	6.2893605
668	81.356514
669	30.38569
670	54.09088
671	72.68423
672	10.672878
673	35.530067
674	58.347385
675	24.291391
676	46.002773
677	69.41417
678	78.58656
679	52.526844
680	41.700375
681	16.882908
682	71.40242
683	10.611075
684	53.4913
685	26.094868
686	75.9809
687	13.529738
688	5.002638
689	16.611818
690	36.284687
691	7.402461
692	13.268682
693	24.874952
694	1.1466515
695	19.569496
696	82.03757
697	3.154308
698	23.631977
699	28.683508
700	4.2549872
701	15.375186
702	77.01415
703	94.60031
704	73.89567
705	19.894089
706	5.0604563
707	70.470894
708	57.760593
709	68.54317
710	61.87479
711	1.002704
712	70.82565
